# Website Status

Below is the latest status of monitored websites:

| URL | Status | Status Code | Response Time | Last Checked |
|-----|--------|-------------|---------------|--------------|
| https://pandora-vercel-one-nu.vercel.app | ✅ Up | 200 | 2095.69 ms | 2025-03-22T08:56:36.612202 |
| https://chat-beta-woad.vercel.app | ✅ Up | 200 | 2068.54 ms | 2025-03-22T08:56:38.680964 |
| https://chatgpt-ai-jet.vercel.app | ✅ Up | 200 | 321.53 ms | 2025-03-22T08:56:39.002703 |
| https://ai-assistant-five-theta.vercel.app | ✅ Up | 200 | 115.07 ms | 2025-03-22T08:56:39.117913 |
| http://zot.ydns.eu | ⚠️ Down (Status: 404) | 404 | 486.95 ms | 2025-03-22T08:56:39.604980 |
| http://poxy.ydns.eu | ✅ Up | 200 | 812.61 ms | 2025-03-22T08:56:40.417735 |
| http://long.ydns.eu | ✅ Up | 200 | 424.73 ms | 2025-03-22T08:56:40.842566 |
| http://drv.ydns.eu | ✅ Up | 200 | 417.68 ms | 2025-03-22T08:56:41.260350 |
| cdue.cloudns.ch | ❌ Down (Error) | None | N/A | 2025-03-22T08:56:41.260684 |
| educ.cloudns.biz | ❌ Down (Error) | None | N/A | 2025-03-22T08:56:41.260897 |
| tau.cloudns.biz | ❌ Down (Error) | None | N/A | 2025-03-22T08:56:41.261045 |
| svip.cloudns.org | ❌ Down (Error) | None | N/A | 2025-03-22T08:56:41.261220 |
| zote.cloudns.org | ❌ Down (Error) | None | N/A | 2025-03-22T08:56:41.261329 |
| ven.cloudns.biz | ❌ Down (Error) | None | N/A | 2025-03-22T08:56:41.261431 |
| zfo.cloudns.org | ❌ Down (Error) | None | N/A | 2025-03-22T08:56:41.261536 |
| zfo.dns-dynamic.net | ❌ Down (Error) | None | N/A | 2025-03-22T08:56:41.261636 |
| diffireworks.cloudns.org | ❌ Down (Error) | None | N/A | 2025-03-22T08:56:41.261734 |
| vip.dns-dynamic.net | ❌ Down (Error) | None | N/A | 2025-03-22T08:56:41.261830 |
| dsk.cloudns.biz | ❌ Down (Error) | None | N/A | 2025-03-22T08:56:41.261924 |
| fox.dns-dynamic.net | ❌ Down (Error) | None | N/A | 2025-03-22T08:56:41.262020 |
| xiolin.dns-dynamic.net | ❌ Down (Error) | None | N/A | 2025-03-22T08:56:41.262212 |
| sac.cloudns.biz | ❌ Down (Error) | None | N/A | 2025-03-22T08:56:41.262314 |
| kaixin.cloudns.ch | ❌ Down (Error) | None | N/A | 2025-03-22T08:56:41.262416 |
| wwv.cloudns.be | ❌ Down (Error) | None | N/A | 2025-03-22T08:56:41.262513 |
| mov.cloudns.org | ❌ Down (Error) | None | N/A | 2025-03-22T08:56:41.262608 |
| pan.cloudns.org | ❌ Down (Error) | None | N/A | 2025-03-22T08:56:41.262703 |
| siv.cloudns.ph | ❌ Down (Error) | None | N/A | 2025-03-22T08:56:41.262799 |
| wwo.cloudns.nz | ❌ Down (Error) | None | N/A | 2025-03-22T08:56:41.262900 |
| std.cloudns.org | ❌ Down (Error) | None | N/A | 2025-03-22T08:56:41.262995 |
| vercel.dns-dynamic.net | ❌ Down (Error) | None | N/A | 2025-03-22T08:56:41.263108 |
| virgo.cloudns.biz | ❌ Down (Error) | None | N/A | 2025-03-22T08:56:41.263217 |
| wwo.cloudns.ch | ❌ Down (Error) | None | N/A | 2025-03-22T08:56:41.263314 |
| vx.cloudns.ch | ❌ Down (Error) | None | N/A | 2025-03-22T08:56:41.263408 |
| kenelm.cloudns.ch | ❌ Down (Error) | None | N/A | 2025-03-22T08:56:41.263502 |
| beer.dns-dynamic.net | ❌ Down (Error) | None | N/A | 2025-03-22T08:56:41.263595 |
| vast.cloudns.ch | ❌ Down (Error) | None | N/A | 2025-03-22T08:56:41.263688 |
| vice.cloudns.be | ❌ Down (Error) | None | N/A | 2025-03-22T08:56:41.263780 |
| ipen.eu.org | ❌ Down (Error) | None | N/A | 2025-03-22T08:56:41.263873 |
| kaxoi.eu.org | ❌ Down (Error) | None | N/A | 2025-03-22T08:56:41.263965 |
| kcoco.eu.org | ❌ Down (Error) | None | N/A | 2025-03-22T08:56:41.264061 |
| linqin.eu.org | ❌ Down (Error) | None | N/A | 2025-03-22T08:56:41.264173 |
| ricpig.eu.org | ❌ Down (Error) | None | N/A | 2025-03-22T08:56:41.264267 |
| skvip.eu.org | ❌ Down (Error) | None | N/A | 2025-03-22T08:56:41.264365 |
| skyle.eu.org | ❌ Down (Error) | None | N/A | 2025-03-22T08:56:41.264458 |
| suke.eu.org | ❌ Down (Error) | None | N/A | 2025-03-22T08:56:41.264549 |
| vercl.eu.org | ❌ Down (Error) | None | N/A | 2025-03-22T08:56:41.264643 |
| vipn.eu.org | ❌ Down (Error) | None | N/A | 2025-03-22T08:56:41.264737 |
| wvvp.eu.org | ❌ Down (Error) | None | N/A | 2025-03-22T08:56:41.264831 |
| ipzo.eu.org | ❌ Down (Error) | None | N/A | 2025-03-22T08:56:41.264926 |
| linqing.eu.org | ❌ Down (Error) | None | N/A | 2025-03-22T08:56:41.265024 |
| stds.eu.org | ❌ Down (Error) | None | N/A | 2025-03-22T08:56:41.265164 |
| viko.eu.org | ❌ Down (Error) | None | N/A | 2025-03-22T08:56:41.265269 |
| vipk.eu.org | ❌ Down (Error) | None | N/A | 2025-03-22T08:56:41.265366 |
| xongan.eu.org | ❌ Down (Error) | None | N/A | 2025-03-22T08:56:41.265463 |
| zosx.eu.org | ❌ Down (Error) | None | N/A | 2025-03-22T08:56:41.265558 |
| zot.dedyn.io | ❌ Down (Error) | None | N/A | 2025-03-22T08:56:41.265652 |
| xeo.dedyn.io | ❌ Down (Error) | None | N/A | 2025-03-22T08:56:41.265745 |
| std.dedyn.io | ❌ Down (Error) | None | N/A | 2025-03-22T08:56:41.265839 |
| xio.edu.publicvm.com | ❌ Down (Error) | None | N/A | 2025-03-22T08:56:41.265934 |
| xio.jxsio.v6.army | ❌ Down (Error) | None | N/A | 2025-03-22T08:56:41.266029 |
| xioo.jxios.dynv6.net | ❌ Down (Error) | None | N/A | 2025-03-22T08:56:41.266148 |
| xioo.kaxoi.eu.org | ❌ Down (Error) | None | N/A | 2025-03-22T08:56:41.266252 |
| xioo.wwo.cloudns.nz | ❌ Down (Error) | None | N/A | 2025-03-22T08:56:41.266349 |
| xio.siv.cloudns.ph | ❌ Down (Error) | None | N/A | 2025-03-22T08:56:41.266445 |
| xio.std.cloudns.ch | ❌ Down (Error) | None | N/A | 2025-03-22T08:56:41.266539 |
| xio.vip.dns-dynamic.net | ❌ Down (Error) | None | N/A | 2025-03-22T08:56:41.266633 |
| xio.zon.byinter.net | ❌ Down (Error) | None | N/A | 2025-03-22T08:56:41.266821 |
| xio.zoot.myfw.us | ❌ Down (Error) | None | N/A | 2025-03-22T08:56:41.266982 |
| xio.gzos.link | ❌ Down (Error) | None | N/A | 2025-03-22T08:56:41.267161 |
| xioo.educ.line.pm | ❌ Down (Error) | None | N/A | 2025-03-22T08:56:41.267316 |
| xio.sac.cloudns.biz | ❌ Down (Error) | None | N/A | 2025-03-22T08:56:41.267478 |
| xio.std.cloudns.org | ❌ Down (Error) | None | N/A | 2025-03-22T08:56:41.267624 |
| xio.std.kesug.com | ❌ Down (Error) | None | N/A | 2025-03-22T08:56:41.267771 |
| xio.stu.loveslife.biz | ❌ Down (Error) | None | N/A | 2025-03-22T08:56:41.267915 |
| xio.wwv.cloudns.be | ❌ Down (Error) | None | N/A | 2025-03-22T08:56:41.268054 |
| xio.xeo.dedyn.io | ❌ Down (Error) | None | N/A | 2025-03-22T08:56:41.268224 |
| xio.xiaohhh.xyz | ❌ Down (Error) | None | N/A | 2025-03-22T08:56:41.268367 |
| xio.zoten.onflashdrive.app | ❌ Down (Error) | None | N/A | 2025-03-22T08:56:41.268508 |
| xio.gzos.rr.nu | ❌ Down (Error) | None | N/A | 2025-03-22T08:56:41.268648 |
| xio.lzhoo.v6.navy | ❌ Down (Error) | None | N/A | 2025-03-22T08:56:41.268789 |
| xio.std.000.pe | ❌ Down (Error) | None | N/A | 2025-03-22T08:56:41.268930 |
| xio.wwvio.dns.army | ❌ Down (Error) | None | N/A | 2025-03-22T08:56:41.269073 |
| xio.zon.lookin.at | ❌ Down (Error) | None | N/A | 2025-03-22T08:56:41.269242 |
| xio.zon.myredirect.us | ❌ Down (Error) | None | N/A | 2025-03-22T08:56:41.269381 |
| xio.zos.22web.org | ❌ Down (Error) | None | N/A | 2025-03-22T08:56:41.269522 |
| xio.zot.rf.gd | ❌ Down (Error) | None | N/A | 2025-03-22T08:56:41.269668 |
| xio.zoxte.v6.army | ❌ Down (Error) | None | N/A | 2025-03-22T08:56:41.269807 |
| xio.zoxte.v6.rocks | ❌ Down (Error) | None | N/A | 2025-03-22T08:56:41.269944 |
| xio.soho.lovedub.net | ❌ Down (Error) | None | N/A | 2025-03-22T08:56:41.270111 |
| xio.xn--ebbpo8a.xn--y9a3aq | ❌ Down (Error) | None | N/A | 2025-03-22T08:56:41.270261 |
| xio.zoxte.dns.navy | ❌ Down (Error) | None | N/A | 2025-03-22T08:56:41.270401 |
| soho.perslist.com | ❌ Down (Error) | None | N/A | 2025-03-22T08:56:41.270562 |
| wonder.dynx.me | ❌ Down (Error) | None | N/A | 2025-03-22T08:56:41.270709 |
| edu.42web.io | ❌ Down (Error) | None | N/A | 2025-03-22T08:56:41.270847 |
| std.great-site.net | ❌ Down (Error) | None | N/A | 2025-03-22T08:56:41.270986 |
| std.kesug.com | ❌ Down (Error) | None | N/A | 2025-03-22T08:56:41.271150 |
| zoon.wuaze.com | ❌ Down (Error) | None | N/A | 2025-03-22T08:56:41.271295 |
| chatz.lovestoblog.com | ❌ Down (Error) | None | N/A | 2025-03-22T08:56:41.271459 |
| zok.free.nf | ❌ Down (Error) | None | N/A | 2025-03-22T08:56:41.271607 |
| inwen.wuaze.com | ❌ Down (Error) | None | N/A | 2025-03-22T08:56:41.271755 |
| linwen.rf.gd | ❌ Down (Error) | None | N/A | 2025-03-22T08:56:41.271892 |
| edu.lovestoblog.com | ❌ Down (Error) | None | N/A | 2025-03-22T08:56:41.272030 |
| bre.cloudns.ch | ❌ Down (Error) | None | N/A | 2025-03-22T08:56:41.272192 |
| std.000.pe | ❌ Down (Error) | None | N/A | 2025-03-22T08:56:41.272331 |
| daiwen.infinityfreeapp.com | ❌ Down (Error) | None | N/A | 2025-03-22T08:56:41.272469 |
| educ.free.nf | ❌ Down (Error) | None | N/A | 2025-03-22T08:56:41.272605 |
| miao.dns-dynamic.net | ❌ Down (Error) | None | N/A | 2025-03-22T08:56:41.272743 |
| sch.cloudns.be | ❌ Down (Error) | None | N/A | 2025-03-22T08:56:41.272886 |
| si.cloudns.be | ❌ Down (Error) | None | N/A | 2025-03-22T08:56:41.273025 |
| skyo.dns-dynamic.net | ❌ Down (Error) | None | N/A | 2025-03-22T08:56:41.273191 |
| vp.cloudns.be | ❌ Down (Error) | None | N/A | 2025-03-22T08:56:41.273332 |
| zoot.unaux.com | ❌ Down (Error) | None | N/A | 2025-03-22T08:56:41.273470 |
| www.muppets.cloudns.ch | ❌ Down (Error) | None | N/A | 2025-03-22T08:56:41.273607 |
| clo.cloudns.be | ❌ Down (Error) | None | N/A | 2025-03-22T08:56:41.273745 |
| duf.cloudns.ch | ❌ Down (Error) | None | N/A | 2025-03-22T08:56:41.273890 |
| lzi.cloudns.ch | ❌ Down (Error) | None | N/A | 2025-03-22T08:56:41.274029 |
| muppets.cloudns.ch | ❌ Down (Error) | None | N/A | 2025-03-22T08:56:41.274197 |
| sen.cloudns.be | ❌ Down (Error) | None | N/A | 2025-03-22T08:56:41.274351 |
| uto.cloudns.ch | ❌ Down (Error) | None | N/A | 2025-03-22T08:56:41.274493 |
| vp.dns-dynamic.net | ❌ Down (Error) | None | N/A | 2025-03-22T08:56:41.274636 |
| edu.tkpk.cc | ❌ Down (Error) | None | N/A | 2025-03-22T08:56:41.274776 |
| edu.ezpz.work | ❌ Down (Error) | None | N/A | 2025-03-22T08:56:41.274915 |
| woshiwoyansebuya.cloudns.be | ❌ Down (Error) | None | N/A | 2025-03-22T08:56:41.275054 |
| shisi.dns-dynamic.net | ❌ Down (Error) | None | N/A | 2025-03-22T08:56:41.275229 |
| www.xiaomaomi.dns-dynamic.net | ❌ Down (Error) | None | N/A | 2025-03-22T08:56:41.275372 |
| www.yiluhuohuadaishadian.dns-dynamic.net | ❌ Down (Error) | None | N/A | 2025-03-22T08:56:41.275513 |
| www.liniang.cloudns.be | ❌ Down (Error) | None | N/A | 2025-03-22T08:56:41.275686 |
| cdy52.pages.dev | ❌ Down (Error) | None | N/A | 2025-03-22T08:56:41.275842 |
| xio.live-on.net | ❌ Down (Error) | None | N/A | 2025-03-22T08:56:41.275981 |
| xio.mydns.tw | ❌ Down (Error) | None | N/A | 2025-03-22T08:56:41.276149 |
| xio.keyword-on.net | ❌ Down (Error) | None | N/A | 2025-03-22T08:56:41.276293 |
| xio.wjg.jp | ❌ Down (Error) | None | N/A | 2025-03-22T08:56:41.276429 |
| woxy.xio.keyword-on.net | ❌ Down (Error) | None | N/A | 2025-03-22T08:56:41.276566 |
| stdu.nyc.mn | ❌ Down (Error) | None | N/A | 2025-03-22T08:56:41.276701 |
| mokin.nyc.mn | ❌ Down (Error) | None | N/A | 2025-03-22T08:56:41.276836 |
| jxio.nyc.mn | ❌ Down (Error) | None | N/A | 2025-03-22T08:56:41.276978 |
| veco.nyc.mn | ❌ Down (Error) | None | N/A | 2025-03-22T08:56:41.277142 |
| zoot.nyc.mn | ❌ Down (Error) | None | N/A | 2025-03-22T08:56:41.277281 |
| xisu.nyc.mn | ❌ Down (Error) | None | N/A | 2025-03-22T08:56:41.277414 |
| odbar.stdu.nyc.mn | ❌ Down (Error) | None | N/A | 2025-03-22T08:56:41.277558 |
| res.zoot.nyc.mn | ❌ Down (Error) | None | N/A | 2025-03-22T08:56:41.277696 |
| age.xisu.nyc.mn | ❌ Down (Error) | None | N/A | 2025-03-22T08:56:41.277837 |
| eolin.avisa.dedyn.io | ❌ Down (Error) | None | N/A | 2025-03-22T08:56:41.277976 |
| zoot.serv00.net | ❌ Down (Error) | None | N/A | 2025-03-22T08:56:41.278132 |
| gzols.serv00.net | ❌ Down (Error) | None | N/A | 2025-03-22T08:56:41.278280 |
| zko.xio.live-on.net | ❌ Down (Error) | None | N/A | 2025-03-22T08:56:41.278420 |
| zkc.xio.live-on.net | ❌ Down (Error) | None | N/A | 2025-03-22T08:56:41.278556 |
| voxy.xio.gleeze.com | ❌ Down (Error) | None | N/A | 2025-03-22T08:56:41.278700 |
| mo.stdu.3d.tc | ❌ Down (Error) | None | N/A | 2025-03-22T08:56:41.278837 |
| wxi.jxs.byinter.net | ❌ Down (Error) | None | N/A | 2025-03-22T08:56:41.278972 |
| xoy.zhozo.cloudns.ch | ❌ Down (Error) | None | N/A | 2025-03-22T08:56:41.279128 |
| wxio.edu.x24hr.com | ❌ Down (Error) | None | N/A | 2025-03-22T08:56:41.279269 |
| wxi-8k0.edu.x24hr.com | ❌ Down (Error) | None | N/A | 2025-03-22T08:56:41.279406 |
| wxi-yqc.edu.x24hr.com | ❌ Down (Error) | None | N/A | 2025-03-22T08:56:41.279541 |
| lon.lxuei.cloudns.be | ❌ Down (Error) | None | N/A | 2025-03-22T08:56:41.279676 |
| www.woloveyangqin.dns-dynamic.net | ❌ Down (Error) | None | N/A | 2025-03-22T08:56:41.279814 |
| www.vast.cloudns.ch | ❌ Down (Error) | None | N/A | 2025-03-22T08:56:41.279951 |
| www.visa.com.sg | ❌ Down (Error) | None | N/A | 2025-03-22T08:56:41.280109 |
| dxzk.jxsoc.cc.ua | ❌ Down (Error) | None | N/A | 2025-03-22T08:56:41.280256 |
| xfus.educ.cloudns.biz | ❌ Down (Error) | None | N/A | 2025-03-22T08:56:41.280400 |
| wxi-tns.edu.x24hr.com | ❌ Down (Error) | None | N/A | 2025-03-22T08:56:41.280540 |
| wxi-38a.edu.x24hr.com | ❌ Down (Error) | None | N/A | 2025-03-22T08:56:41.280676 |
| wxi-8fm.xio.longmusic.com | ❌ Down (Error) | None | N/A | 2025-03-22T08:56:41.280813 |
| xinxin-d4h.xio.longmusic.com | ❌ Down (Error) | None | N/A | 2025-03-22T08:56:41.280957 |
| www.cdue.cloudns.ch | ❌ Down (Error) | None | N/A | 2025-03-22T08:56:41.281120 |
| www.zto.cloudns.ch | ❌ Down (Error) | None | N/A | 2025-03-22T08:56:41.281260 |
| wxio.xio.zyns.com | ❌ Down (Error) | None | N/A | 2025-03-22T08:56:41.281398 |
| www.kaxin.cloudns.ch | ❌ Down (Error) | None | N/A | 2025-03-22T08:56:41.281534 |
| www.kenelm.cloudns.ch | ❌ Down (Error) | None | N/A | 2025-03-22T08:56:41.281669 |
| uedi.xio.zyns.com | ❌ Down (Error) | None | N/A | 2025-03-22T08:56:41.281806 |
| wxi.xio.zyns.com | ❌ Down (Error) | None | N/A | 2025-03-22T08:56:41.281943 |
| iufeu.xio.dynamic-dns.net | ❌ Down (Error) | None | N/A | 2025-03-22T08:56:41.282102 |
| www.bre.cloudns.ch | ❌ Down (Error) | None | N/A | 2025-03-22T08:56:41.282249 |
| iorfuy.xio.dynamic-dns.net | ❌ Down (Error) | None | N/A | 2025-03-22T08:56:41.282389 |
| www.diffireworks.cloudns.org | ❌ Down (Error) | None | N/A | 2025-03-22T08:56:41.282527 |
| gedu.xio.zzux.com | ❌ Down (Error) | None | N/A | 2025-03-22T08:56:41.282680 |
| owire.xio.zzux.com | ❌ Down (Error) | None | N/A | 2025-03-22T08:56:41.282821 |
| ie23.xio.zzux.com | ❌ Down (Error) | None | N/A | 2025-03-22T08:56:41.282971 |
| ewfhho.xio.zzux.com | ❌ Down (Error) | None | N/A | 2025-03-22T08:56:41.283134 |
| ofoi.xio.longmusic.com | ❌ Down (Error) | None | N/A | 2025-03-22T08:56:41.283277 |
| dbng.xio.longmusic.com | ❌ Down (Error) | None | N/A | 2025-03-22T08:56:41.283415 |
| iuwe.zote.rr.nu | ❌ Down (Error) | None | N/A | 2025-03-22T08:56:41.283554 |
| www.ven.cloudns.biz | ❌ Down (Error) | None | N/A | 2025-03-22T08:56:41.283689 |
| iuwe.stdue.dynv6.net | ❌ Down (Error) | None | N/A | 2025-03-22T08:56:41.283831 |
| xio.won.cc.ua | ❌ Down (Error) | None | N/A | 2025-03-22T08:56:41.283969 |
| cdy.jxs.dix.asia | ❌ Down (Error) | None | N/A | 2025-03-22T08:56:41.284155 |
| djgj.xio.mydns.tw | ❌ Down (Error) | None | N/A | 2025-03-22T08:56:41.284297 |
| ekq.xio.keyword-on.net | ❌ Down (Error) | None | N/A | 2025-03-22T08:56:41.284435 |
| i8xx.xio.wjg.jp | ❌ Down (Error) | None | N/A | 2025-03-22T08:56:41.284571 |
| rsboat.wox.us.kg | ❌ Down (Error) | None | N/A | 2025-03-22T08:56:41.284710 |
| gqhuo.jxios.dynv6.net | ❌ Down (Error) | None | N/A | 2025-03-22T08:56:41.284849 |
| kzze.lzhoo.v6.navy | ❌ Down (Error) | None | N/A | 2025-03-22T08:56:41.284985 |
| woxy.limkco.evai.pl | ❌ Down (Error) | None | N/A | 2025-03-22T08:56:41.285145 |
| pxyu.sohoo.v6.army | ❌ Down (Error) | None | N/A | 2025-03-22T08:56:41.285286 |
| zerd.sohoo.dns.navy | ❌ Down (Error) | None | N/A | 2025-03-22T08:56:41.285428 |
| zxi.sohoo.v6.navy | ❌ Down (Error) | None | N/A | 2025-03-22T08:56:41.285566 |
| kosti.xio.dynamic-dns.net | ❌ Down (Error) | None | N/A | 2025-03-22T08:56:41.285704 |
| mckd.edu.as19557.net | ❌ Down (Error) | None | N/A | 2025-03-22T08:56:41.285841 |
| mirt.edu.as19557.net | ❌ Down (Error) | None | N/A | 2025-03-22T08:56:41.285985 |
| mjsd.xio.itsaol.com | ❌ Down (Error) | None | N/A | 2025-03-22T08:56:41.286152 |
| nitay.edu.qpoe.com | ❌ Down (Error) | None | N/A | 2025-03-22T08:56:41.286258 |
| sctsz.zote.cloudns.org | ❌ Down (Error) | None | N/A | 2025-03-22T08:56:41.286356 |
| xjisd.educ.cloudns.biz | ❌ Down (Error) | None | N/A | 2025-03-22T08:56:41.286451 |
| wibl.zfo.dns-dynamic.net | ❌ Down (Error) | None | N/A | 2025-03-22T08:56:41.286546 |
| wzko.siv.cloudns.ph | ❌ Down (Error) | None | N/A | 2025-03-22T08:56:41.286640 |
| xswi.wwo.cloudns.nz | ❌ Down (Error) | None | N/A | 2025-03-22T08:56:41.286734 |
| zelm.vast.cloudns.ch | ❌ Down (Error) | None | N/A | 2025-03-22T08:56:41.286826 |
| kjus.xio.cloud-ip.biz | ❌ Down (Error) | None | N/A | 2025-03-22T08:56:41.286920 |
| gitxc.vip.ip-dynamic.org | ❌ Down (Error) | None | N/A | 2025-03-22T08:56:41.287014 |
| bayio.edu.dynx.me | ❌ Down (Error) | None | N/A | 2025-03-22T08:56:41.287127 |
| towa.xio.bolo.fyi | ❌ Down (Error) | None | N/A | 2025-03-22T08:56:41.287225 |
| suco.edu.ezpz.work | ❌ Down (Error) | None | N/A | 2025-03-22T08:56:41.287321 |
| wov.soho.lovedub.net | ❌ Down (Error) | None | N/A | 2025-03-22T08:56:41.287414 |
| zipn.soho.lbahq.com | ❌ Down (Error) | None | N/A | 2025-03-22T08:56:41.287508 |
| parp.xeo.dedyn.io | ❌ Down (Error) | None | N/A | 2025-03-22T08:56:41.287600 |
| agei.svip.app.tc | ❌ Down (Error) | None | N/A | 2025-03-22T08:56:41.287693 |
| baic.kuilut.tic.tc | ❌ Down (Error) | None | N/A | 2025-03-22T08:56:41.287785 |
| dziy.svip.blogu.tc | ❌ Down (Error) | None | N/A | 2025-03-22T08:56:41.287884 |
| flq.wwon.con.tc | ❌ Down (Error) | None | N/A | 2025-03-22T08:56:41.287977 |
| rowb.svip.san.tc | ❌ Down (Error) | None | N/A | 2025-03-22T08:56:41.288090 |
| itss.wxio.sitesi.tc | ❌ Down (Error) | None | N/A | 2025-03-22T08:56:41.288196 |
| sni=xn--rss272l.us.kg | ❌ Down (Error) | None | N/A | 2025-03-22T08:56:41.288295 |
| cxaz.sohoo.isgre.at | ❌ Down (Error) | None | N/A | 2025-03-22T08:56:41.288395 |
