# Website Status

Below is the latest status of monitored websites:

| URL | Status | Status Code | Response Time | Last Checked |
|-----|--------|-------------|---------------|--------------|
| https://pandora-vercel-one-nu.vercel.app | ✅ Up | 200 | 2285.58 ms | 2025-03-20T20:41:52.129873 |
| https://chat-beta-woad.vercel.app | ✅ Up | 200 | 2562.34 ms | 2025-03-20T20:41:54.692453 |
| https://chatgpt-ai-jet.vercel.app | ✅ Up | 200 | 99.94 ms | 2025-03-20T20:41:54.792583 |
| https://ai-assistant-five-theta.vercel.app | ✅ Up | 200 | 113.68 ms | 2025-03-20T20:41:54.906427 |
| http://zot.ydns.eu | ⚠️ Down (Status: 404) | 404 | 529.95 ms | 2025-03-20T20:41:55.436530 |
| http://poxy.ydns.eu | ✅ Up | 200 | 374.82 ms | 2025-03-20T20:41:55.811463 |
| http://long.ydns.eu | ✅ Up | 200 | 359.71 ms | 2025-03-20T20:41:56.171293 |
| http://drv.ydns.eu | ✅ Up | 200 | 498.80 ms | 2025-03-20T20:41:56.670202 |
| cdue.cloudns.ch | ❌ Down (Error) | None | N/A | 2025-03-20T20:41:56.670534 |
| educ.cloudns.biz | ❌ Down (Error) | None | N/A | 2025-03-20T20:41:56.670684 |
| tau.cloudns.biz | ❌ Down (Error) | None | N/A | 2025-03-20T20:41:56.670831 |
| svip.cloudns.org | ❌ Down (Error) | None | N/A | 2025-03-20T20:41:56.670941 |
| zote.cloudns.org | ❌ Down (Error) | None | N/A | 2025-03-20T20:41:56.671071 |
| ven.cloudns.biz | ❌ Down (Error) | None | N/A | 2025-03-20T20:41:56.671177 |
| zfo.cloudns.org | ❌ Down (Error) | None | N/A | 2025-03-20T20:41:56.671285 |
| zfo.dns-dynamic.net | ❌ Down (Error) | None | N/A | 2025-03-20T20:41:56.671384 |
| diffireworks.cloudns.org | ❌ Down (Error) | None | N/A | 2025-03-20T20:41:56.671481 |
| vip.dns-dynamic.net | ❌ Down (Error) | None | N/A | 2025-03-20T20:41:56.671577 |
| dsk.cloudns.biz | ❌ Down (Error) | None | N/A | 2025-03-20T20:41:56.671672 |
| fox.dns-dynamic.net | ❌ Down (Error) | None | N/A | 2025-03-20T20:41:56.671766 |
| xiolin.dns-dynamic.net | ❌ Down (Error) | None | N/A | 2025-03-20T20:41:56.671883 |
| sac.cloudns.biz | ❌ Down (Error) | None | N/A | 2025-03-20T20:41:56.671998 |
| kaixin.cloudns.ch | ❌ Down (Error) | None | N/A | 2025-03-20T20:41:56.672106 |
| wwv.cloudns.be | ❌ Down (Error) | None | N/A | 2025-03-20T20:41:56.672200 |
| mov.cloudns.org | ❌ Down (Error) | None | N/A | 2025-03-20T20:41:56.672293 |
| pan.cloudns.org | ❌ Down (Error) | None | N/A | 2025-03-20T20:41:56.672385 |
| siv.cloudns.ph | ❌ Down (Error) | None | N/A | 2025-03-20T20:41:56.672478 |
| wwo.cloudns.nz | ❌ Down (Error) | None | N/A | 2025-03-20T20:41:56.672573 |
| std.cloudns.org | ❌ Down (Error) | None | N/A | 2025-03-20T20:41:56.672666 |
| vercel.dns-dynamic.net | ❌ Down (Error) | None | N/A | 2025-03-20T20:41:56.672758 |
| virgo.cloudns.biz | ❌ Down (Error) | None | N/A | 2025-03-20T20:41:56.672863 |
| wwo.cloudns.ch | ❌ Down (Error) | None | N/A | 2025-03-20T20:41:56.672958 |
| vx.cloudns.ch | ❌ Down (Error) | None | N/A | 2025-03-20T20:41:56.673075 |
| kenelm.cloudns.ch | ❌ Down (Error) | None | N/A | 2025-03-20T20:41:56.673170 |
| beer.dns-dynamic.net | ❌ Down (Error) | None | N/A | 2025-03-20T20:41:56.673264 |
| vast.cloudns.ch | ❌ Down (Error) | None | N/A | 2025-03-20T20:41:56.673359 |
| vice.cloudns.be | ❌ Down (Error) | None | N/A | 2025-03-20T20:41:56.673451 |
| ipen.eu.org | ❌ Down (Error) | None | N/A | 2025-03-20T20:41:56.673542 |
| kaxoi.eu.org | ❌ Down (Error) | None | N/A | 2025-03-20T20:41:56.673634 |
| kcoco.eu.org | ❌ Down (Error) | None | N/A | 2025-03-20T20:41:56.673732 |
| linqin.eu.org | ❌ Down (Error) | None | N/A | 2025-03-20T20:41:56.673824 |
| ricpig.eu.org | ❌ Down (Error) | None | N/A | 2025-03-20T20:41:56.673916 |
| skvip.eu.org | ❌ Down (Error) | None | N/A | 2025-03-20T20:41:56.674032 |
| skyle.eu.org | ❌ Down (Error) | None | N/A | 2025-03-20T20:41:56.674128 |
| suke.eu.org | ❌ Down (Error) | None | N/A | 2025-03-20T20:41:56.674219 |
| vercl.eu.org | ❌ Down (Error) | None | N/A | 2025-03-20T20:41:56.674312 |
| vipn.eu.org | ❌ Down (Error) | None | N/A | 2025-03-20T20:41:56.674405 |
| wvvp.eu.org | ❌ Down (Error) | None | N/A | 2025-03-20T20:41:56.674497 |
| ipzo.eu.org | ❌ Down (Error) | None | N/A | 2025-03-20T20:41:56.674588 |
| linqing.eu.org | ❌ Down (Error) | None | N/A | 2025-03-20T20:41:56.674684 |
| stds.eu.org | ❌ Down (Error) | None | N/A | 2025-03-20T20:41:56.674777 |
| viko.eu.org | ❌ Down (Error) | None | N/A | 2025-03-20T20:41:56.674869 |
| vipk.eu.org | ❌ Down (Error) | None | N/A | 2025-03-20T20:41:56.674961 |
| xongan.eu.org | ❌ Down (Error) | None | N/A | 2025-03-20T20:41:56.675077 |
| zosx.eu.org | ❌ Down (Error) | None | N/A | 2025-03-20T20:41:56.675180 |
| zot.dedyn.io | ❌ Down (Error) | None | N/A | 2025-03-20T20:41:56.675273 |
| xeo.dedyn.io | ❌ Down (Error) | None | N/A | 2025-03-20T20:41:56.675365 |
| std.dedyn.io | ❌ Down (Error) | None | N/A | 2025-03-20T20:41:56.675456 |
| xio.edu.publicvm.com | ❌ Down (Error) | None | N/A | 2025-03-20T20:41:56.675549 |
| xio.jxsio.v6.army | ❌ Down (Error) | None | N/A | 2025-03-20T20:41:56.675641 |
| xioo.jxios.dynv6.net | ❌ Down (Error) | None | N/A | 2025-03-20T20:41:56.675735 |
| xioo.kaxoi.eu.org | ❌ Down (Error) | None | N/A | 2025-03-20T20:41:56.675835 |
| xioo.wwo.cloudns.nz | ❌ Down (Error) | None | N/A | 2025-03-20T20:41:56.675929 |
| xio.siv.cloudns.ph | ❌ Down (Error) | None | N/A | 2025-03-20T20:41:56.676046 |
| xio.std.cloudns.ch | ❌ Down (Error) | None | N/A | 2025-03-20T20:41:56.676140 |
| xio.vip.dns-dynamic.net | ❌ Down (Error) | None | N/A | 2025-03-20T20:41:56.676233 |
| xio.zon.byinter.net | ❌ Down (Error) | None | N/A | 2025-03-20T20:41:56.676325 |
| xio.zoot.myfw.us | ❌ Down (Error) | None | N/A | 2025-03-20T20:41:56.676519 |
| xio.gzos.link | ❌ Down (Error) | None | N/A | 2025-03-20T20:41:56.676671 |
| xioo.educ.line.pm | ❌ Down (Error) | None | N/A | 2025-03-20T20:41:56.676820 |
| xio.sac.cloudns.biz | ❌ Down (Error) | None | N/A | 2025-03-20T20:41:56.677005 |
| xio.std.cloudns.org | ❌ Down (Error) | None | N/A | 2025-03-20T20:41:56.677162 |
| xio.std.kesug.com | ❌ Down (Error) | None | N/A | 2025-03-20T20:41:56.677311 |
| xio.stu.loveslife.biz | ❌ Down (Error) | None | N/A | 2025-03-20T20:41:56.677449 |
| xio.wwv.cloudns.be | ❌ Down (Error) | None | N/A | 2025-03-20T20:41:56.677550 |
| xio.xeo.dedyn.io | ❌ Down (Error) | None | N/A | 2025-03-20T20:41:56.677645 |
| xio.xiaohhh.xyz | ❌ Down (Error) | None | N/A | 2025-03-20T20:41:56.677738 |
| xio.zoten.onflashdrive.app | ❌ Down (Error) | None | N/A | 2025-03-20T20:41:56.677831 |
| xio.gzos.rr.nu | ❌ Down (Error) | None | N/A | 2025-03-20T20:41:56.677926 |
| xio.lzhoo.v6.navy | ❌ Down (Error) | None | N/A | 2025-03-20T20:41:56.678052 |
| xio.std.000.pe | ❌ Down (Error) | None | N/A | 2025-03-20T20:41:56.678151 |
| xio.wwvio.dns.army | ❌ Down (Error) | None | N/A | 2025-03-20T20:41:56.678247 |
| xio.zon.lookin.at | ❌ Down (Error) | None | N/A | 2025-03-20T20:41:56.678341 |
| xio.zon.myredirect.us | ❌ Down (Error) | None | N/A | 2025-03-20T20:41:56.678436 |
| xio.zos.22web.org | ❌ Down (Error) | None | N/A | 2025-03-20T20:41:56.678529 |
| xio.zot.rf.gd | ❌ Down (Error) | None | N/A | 2025-03-20T20:41:56.678620 |
| xio.zoxte.v6.army | ❌ Down (Error) | None | N/A | 2025-03-20T20:41:56.678713 |
| xio.zoxte.v6.rocks | ❌ Down (Error) | None | N/A | 2025-03-20T20:41:56.678805 |
| xio.soho.lovedub.net | ❌ Down (Error) | None | N/A | 2025-03-20T20:41:56.678902 |
| xio.xn--ebbpo8a.xn--y9a3aq | ❌ Down (Error) | None | N/A | 2025-03-20T20:41:56.679025 |
| xio.zoxte.dns.navy | ❌ Down (Error) | None | N/A | 2025-03-20T20:41:56.679123 |
| soho.perslist.com | ❌ Down (Error) | None | N/A | 2025-03-20T20:41:56.679215 |
| wonder.dynx.me | ❌ Down (Error) | None | N/A | 2025-03-20T20:41:56.679306 |
| edu.42web.io | ❌ Down (Error) | None | N/A | 2025-03-20T20:41:56.679406 |
| std.great-site.net | ❌ Down (Error) | None | N/A | 2025-03-20T20:41:56.679498 |
| std.kesug.com | ❌ Down (Error) | None | N/A | 2025-03-20T20:41:56.679589 |
| zoon.wuaze.com | ❌ Down (Error) | None | N/A | 2025-03-20T20:41:56.679679 |
| chatz.lovestoblog.com | ❌ Down (Error) | None | N/A | 2025-03-20T20:41:56.679771 |
| zok.free.nf | ❌ Down (Error) | None | N/A | 2025-03-20T20:41:56.679868 |
| inwen.wuaze.com | ❌ Down (Error) | None | N/A | 2025-03-20T20:41:56.679960 |
| linwen.rf.gd | ❌ Down (Error) | None | N/A | 2025-03-20T20:41:56.680084 |
| edu.lovestoblog.com | ❌ Down (Error) | None | N/A | 2025-03-20T20:41:56.680178 |
| bre.cloudns.ch | ❌ Down (Error) | None | N/A | 2025-03-20T20:41:56.680270 |
| std.000.pe | ❌ Down (Error) | None | N/A | 2025-03-20T20:41:56.680362 |
| daiwen.infinityfreeapp.com | ❌ Down (Error) | None | N/A | 2025-03-20T20:41:56.680455 |
| educ.free.nf | ❌ Down (Error) | None | N/A | 2025-03-20T20:41:56.680548 |
| miao.dns-dynamic.net | ❌ Down (Error) | None | N/A | 2025-03-20T20:41:56.680640 |
| sch.cloudns.be | ❌ Down (Error) | None | N/A | 2025-03-20T20:41:56.680731 |
| si.cloudns.be | ❌ Down (Error) | None | N/A | 2025-03-20T20:41:56.680822 |
| skyo.dns-dynamic.net | ❌ Down (Error) | None | N/A | 2025-03-20T20:41:56.680914 |
| vp.cloudns.be | ❌ Down (Error) | None | N/A | 2025-03-20T20:41:56.681038 |
| zoot.unaux.com | ❌ Down (Error) | None | N/A | 2025-03-20T20:41:56.681136 |
| www.muppets.cloudns.ch | ❌ Down (Error) | None | N/A | 2025-03-20T20:41:56.681228 |
| clo.cloudns.be | ❌ Down (Error) | None | N/A | 2025-03-20T20:41:56.681320 |
| duf.cloudns.ch | ❌ Down (Error) | None | N/A | 2025-03-20T20:41:56.681412 |
| lzi.cloudns.ch | ❌ Down (Error) | None | N/A | 2025-03-20T20:41:56.681504 |
| muppets.cloudns.ch | ❌ Down (Error) | None | N/A | 2025-03-20T20:41:56.681596 |
| sen.cloudns.be | ❌ Down (Error) | None | N/A | 2025-03-20T20:41:56.681694 |
| uto.cloudns.ch | ❌ Down (Error) | None | N/A | 2025-03-20T20:41:56.681787 |
| vp.dns-dynamic.net | ❌ Down (Error) | None | N/A | 2025-03-20T20:41:56.681879 |
| edu.tkpk.cc | ❌ Down (Error) | None | N/A | 2025-03-20T20:41:56.681993 |
| edu.ezpz.work | ❌ Down (Error) | None | N/A | 2025-03-20T20:41:56.682104 |
| woshiwoyansebuya.cloudns.be | ❌ Down (Error) | None | N/A | 2025-03-20T20:41:56.682201 |
| shisi.dns-dynamic.net | ❌ Down (Error) | None | N/A | 2025-03-20T20:41:56.682300 |
| www.xiaomaomi.dns-dynamic.net | ❌ Down (Error) | None | N/A | 2025-03-20T20:41:56.682396 |
| www.yiluhuohuadaishadian.dns-dynamic.net | ❌ Down (Error) | None | N/A | 2025-03-20T20:41:56.682492 |
| www.liniang.cloudns.be | ❌ Down (Error) | None | N/A | 2025-03-20T20:41:56.682586 |
| cdy52.pages.dev | ❌ Down (Error) | None | N/A | 2025-03-20T20:41:56.682744 |
| xio.live-on.net | ❌ Down (Error) | None | N/A | 2025-03-20T20:41:56.682886 |
| xio.mydns.tw | ❌ Down (Error) | None | N/A | 2025-03-20T20:41:56.683004 |
| xio.keyword-on.net | ❌ Down (Error) | None | N/A | 2025-03-20T20:41:56.683102 |
| xio.wjg.jp | ❌ Down (Error) | None | N/A | 2025-03-20T20:41:56.683196 |
| woxy.xio.keyword-on.net | ❌ Down (Error) | None | N/A | 2025-03-20T20:41:56.683289 |
| stdu.nyc.mn | ❌ Down (Error) | None | N/A | 2025-03-20T20:41:56.683382 |
| mokin.nyc.mn | ❌ Down (Error) | None | N/A | 2025-03-20T20:41:56.683477 |
| jxio.nyc.mn | ❌ Down (Error) | None | N/A | 2025-03-20T20:41:56.683569 |
| veco.nyc.mn | ❌ Down (Error) | None | N/A | 2025-03-20T20:41:56.683659 |
| zoot.nyc.mn | ❌ Down (Error) | None | N/A | 2025-03-20T20:41:56.683749 |
| xisu.nyc.mn | ❌ Down (Error) | None | N/A | 2025-03-20T20:41:56.683839 |
| odbar.stdu.nyc.mn | ❌ Down (Error) | None | N/A | 2025-03-20T20:41:56.683935 |
| res.zoot.nyc.mn | ❌ Down (Error) | None | N/A | 2025-03-20T20:41:56.684049 |
| age.xisu.nyc.mn | ❌ Down (Error) | None | N/A | 2025-03-20T20:41:56.684147 |
| eolin.avisa.dedyn.io | ❌ Down (Error) | None | N/A | 2025-03-20T20:41:56.684241 |
| zoot.serv00.net | ❌ Down (Error) | None | N/A | 2025-03-20T20:41:56.684334 |
| gzols.serv00.net | ❌ Down (Error) | None | N/A | 2025-03-20T20:41:56.684425 |
| zko.xio.live-on.net | ❌ Down (Error) | None | N/A | 2025-03-20T20:41:56.684517 |
| zkc.xio.live-on.net | ❌ Down (Error) | None | N/A | 2025-03-20T20:41:56.684607 |
| voxy.xio.gleeze.com | ❌ Down (Error) | None | N/A | 2025-03-20T20:41:56.684698 |
| mo.stdu.3d.tc | ❌ Down (Error) | None | N/A | 2025-03-20T20:41:56.684788 |
| wxi.jxs.byinter.net | ❌ Down (Error) | None | N/A | 2025-03-20T20:41:56.684879 |
| xoy.zhozo.cloudns.ch | ❌ Down (Error) | None | N/A | 2025-03-20T20:41:56.684985 |
| wxio.edu.x24hr.com | ❌ Down (Error) | None | N/A | 2025-03-20T20:41:56.685082 |
| wxi-8k0.edu.x24hr.com | ❌ Down (Error) | None | N/A | 2025-03-20T20:41:56.685175 |
| wxi-yqc.edu.x24hr.com | ❌ Down (Error) | None | N/A | 2025-03-20T20:41:56.685267 |
| lon.lxuei.cloudns.be | ❌ Down (Error) | None | N/A | 2025-03-20T20:41:56.685357 |
| www.woloveyangqin.dns-dynamic.net | ❌ Down (Error) | None | N/A | 2025-03-20T20:41:56.685449 |
| www.vast.cloudns.ch | ❌ Down (Error) | None | N/A | 2025-03-20T20:41:56.685540 |
| www.visa.com.sg | ❌ Down (Error) | None | N/A | 2025-03-20T20:41:56.685631 |
| dxzk.jxsoc.cc.ua | ❌ Down (Error) | None | N/A | 2025-03-20T20:41:56.685723 |
| xfus.educ.cloudns.biz | ❌ Down (Error) | None | N/A | 2025-03-20T20:41:56.685821 |
| wxi-tns.edu.x24hr.com | ❌ Down (Error) | None | N/A | 2025-03-20T20:41:56.685914 |
| wxi-38a.edu.x24hr.com | ❌ Down (Error) | None | N/A | 2025-03-20T20:41:56.686026 |
| wxi-8fm.xio.longmusic.com | ❌ Down (Error) | None | N/A | 2025-03-20T20:41:56.686119 |
| xinxin-d4h.xio.longmusic.com | ❌ Down (Error) | None | N/A | 2025-03-20T20:41:56.686211 |
| www.cdue.cloudns.ch | ❌ Down (Error) | None | N/A | 2025-03-20T20:41:56.686303 |
| www.zto.cloudns.ch | ❌ Down (Error) | None | N/A | 2025-03-20T20:41:56.686395 |
| wxio.xio.zyns.com | ❌ Down (Error) | None | N/A | 2025-03-20T20:41:56.686487 |
| www.kaxin.cloudns.ch | ❌ Down (Error) | None | N/A | 2025-03-20T20:41:56.686577 |
| www.kenelm.cloudns.ch | ❌ Down (Error) | None | N/A | 2025-03-20T20:41:56.686675 |
| uedi.xio.zyns.com | ❌ Down (Error) | None | N/A | 2025-03-20T20:41:56.686765 |
| wxi.xio.zyns.com | ❌ Down (Error) | None | N/A | 2025-03-20T20:41:56.686860 |
| iufeu.xio.dynamic-dns.net | ❌ Down (Error) | None | N/A | 2025-03-20T20:41:56.686953 |
| www.bre.cloudns.ch | ❌ Down (Error) | None | N/A | 2025-03-20T20:41:56.687064 |
| iorfuy.xio.dynamic-dns.net | ❌ Down (Error) | None | N/A | 2025-03-20T20:41:56.687163 |
| www.diffireworks.cloudns.org | ❌ Down (Error) | None | N/A | 2025-03-20T20:41:56.687258 |
| gedu.xio.zzux.com | ❌ Down (Error) | None | N/A | 2025-03-20T20:41:56.687356 |
| owire.xio.zzux.com | ❌ Down (Error) | None | N/A | 2025-03-20T20:41:56.687450 |
| ie23.xio.zzux.com | ❌ Down (Error) | None | N/A | 2025-03-20T20:41:56.687540 |
| ewfhho.xio.zzux.com | ❌ Down (Error) | None | N/A | 2025-03-20T20:41:56.687630 |
| ofoi.xio.longmusic.com | ❌ Down (Error) | None | N/A | 2025-03-20T20:41:56.687733 |
| dbng.xio.longmusic.com | ❌ Down (Error) | None | N/A | 2025-03-20T20:41:56.687826 |
| iuwe.zote.rr.nu | ❌ Down (Error) | None | N/A | 2025-03-20T20:41:56.687917 |
| www.ven.cloudns.biz | ❌ Down (Error) | None | N/A | 2025-03-20T20:41:56.688028 |
| iuwe.stdue.dynv6.net | ❌ Down (Error) | None | N/A | 2025-03-20T20:41:56.688125 |
| xio.won.cc.ua | ❌ Down (Error) | None | N/A | 2025-03-20T20:41:56.688218 |
| cdy.jxs.dix.asia | ❌ Down (Error) | None | N/A | 2025-03-20T20:41:56.688310 |
| djgj.xio.mydns.tw | ❌ Down (Error) | None | N/A | 2025-03-20T20:41:56.688470 |
| ekq.xio.keyword-on.net | ❌ Down (Error) | None | N/A | 2025-03-20T20:41:56.688603 |
| i8xx.xio.wjg.jp | ❌ Down (Error) | None | N/A | 2025-03-20T20:41:56.688701 |
| rsboat.wox.us.kg | ❌ Down (Error) | None | N/A | 2025-03-20T20:41:56.688794 |
| gqhuo.jxios.dynv6.net | ❌ Down (Error) | None | N/A | 2025-03-20T20:41:56.688887 |
| kzze.lzhoo.v6.navy | ❌ Down (Error) | None | N/A | 2025-03-20T20:41:56.689002 |
| woxy.limkco.evai.pl | ❌ Down (Error) | None | N/A | 2025-03-20T20:41:56.689100 |
| pxyu.sohoo.v6.army | ❌ Down (Error) | None | N/A | 2025-03-20T20:41:56.689192 |
| zerd.sohoo.dns.navy | ❌ Down (Error) | None | N/A | 2025-03-20T20:41:56.689283 |
| zxi.sohoo.v6.navy | ❌ Down (Error) | None | N/A | 2025-03-20T20:41:56.689373 |
| kosti.xio.dynamic-dns.net | ❌ Down (Error) | None | N/A | 2025-03-20T20:41:56.689465 |
| mckd.edu.as19557.net | ❌ Down (Error) | None | N/A | 2025-03-20T20:41:56.689555 |
| mirt.edu.as19557.net | ❌ Down (Error) | None | N/A | 2025-03-20T20:41:56.689652 |
| mjsd.xio.itsaol.com | ❌ Down (Error) | None | N/A | 2025-03-20T20:41:56.689745 |
| nitay.edu.qpoe.com | ❌ Down (Error) | None | N/A | 2025-03-20T20:41:56.689835 |
| sctsz.zote.cloudns.org | ❌ Down (Error) | None | N/A | 2025-03-20T20:41:56.689926 |
| xjisd.educ.cloudns.biz | ❌ Down (Error) | None | N/A | 2025-03-20T20:41:56.690038 |
| wibl.zfo.dns-dynamic.net | ❌ Down (Error) | None | N/A | 2025-03-20T20:41:56.690133 |
| wzko.siv.cloudns.ph | ❌ Down (Error) | None | N/A | 2025-03-20T20:41:56.690224 |
| xswi.wwo.cloudns.nz | ❌ Down (Error) | None | N/A | 2025-03-20T20:41:56.690316 |
| zelm.vast.cloudns.ch | ❌ Down (Error) | None | N/A | 2025-03-20T20:41:56.690408 |
| kjus.xio.cloud-ip.biz | ❌ Down (Error) | None | N/A | 2025-03-20T20:41:56.690500 |
| gitxc.vip.ip-dynamic.org | ❌ Down (Error) | None | N/A | 2025-03-20T20:41:56.690592 |
| bayio.edu.dynx.me | ❌ Down (Error) | None | N/A | 2025-03-20T20:41:56.690682 |
| towa.xio.bolo.fyi | ❌ Down (Error) | None | N/A | 2025-03-20T20:41:56.690773 |
| suco.edu.ezpz.work | ❌ Down (Error) | None | N/A | 2025-03-20T20:41:56.690864 |
| wov.soho.lovedub.net | ❌ Down (Error) | None | N/A | 2025-03-20T20:41:56.690955 |
| zipn.soho.lbahq.com | ❌ Down (Error) | None | N/A | 2025-03-20T20:41:56.691069 |
| parp.xeo.dedyn.io | ❌ Down (Error) | None | N/A | 2025-03-20T20:41:56.691161 |
| agei.svip.app.tc | ❌ Down (Error) | None | N/A | 2025-03-20T20:41:56.691252 |
| baic.kuilut.tic.tc | ❌ Down (Error) | None | N/A | 2025-03-20T20:41:56.691343 |
| dziy.svip.blogu.tc | ❌ Down (Error) | None | N/A | 2025-03-20T20:41:56.691441 |
| flq.wwon.con.tc | ❌ Down (Error) | None | N/A | 2025-03-20T20:41:56.691534 |
| rowb.svip.san.tc | ❌ Down (Error) | None | N/A | 2025-03-20T20:41:56.691629 |
| itss.wxio.sitesi.tc | ❌ Down (Error) | None | N/A | 2025-03-20T20:41:56.691722 |
| sni=xn--rss272l.us.kg | ❌ Down (Error) | None | N/A | 2025-03-20T20:41:56.691814 |
| cxaz.sohoo.isgre.at | ❌ Down (Error) | None | N/A | 2025-03-20T20:41:56.691909 |
