# Website Status

Below is the latest status of monitored websites:

| URL | Status | Status Code | Response Time | Last Checked |
|-----|--------|-------------|---------------|--------------|
| https://pandora-vercel-one-nu.vercel.app | ✅ Up | 200 | 2300.10 ms | 2025-03-28T03:53:39.835169 |
| https://chat-beta-woad.vercel.app | ✅ Up | 200 | 2304.98 ms | 2025-03-28T03:53:42.140336 |
| https://chatgpt-ai-jet.vercel.app | ✅ Up | 200 | 185.47 ms | 2025-03-28T03:53:42.325925 |
| https://ai-assistant-five-theta.vercel.app | ✅ Up | 200 | 114.09 ms | 2025-03-28T03:53:42.440132 |
| http://zot.ydns.eu | ⚠️ Down (Status: 404) | 404 | 422.26 ms | 2025-03-28T03:53:42.862509 |
| http://poxy.ydns.eu | ✅ Up | 200 | 506.79 ms | 2025-03-28T03:53:43.369369 |
| http://long.ydns.eu | ⚠️ Down (Status: 404) | 404 | 492.22 ms | 2025-03-28T03:53:43.861683 |
| http://drv.ydns.eu | ✅ Up | 200 | 487.87 ms | 2025-03-28T03:53:44.349680 |
| cdue.cloudns.ch | ❌ Down (Error) | None | N/A | 2025-03-28T03:53:44.350043 |
| educ.cloudns.biz | ❌ Down (Error) | None | N/A | 2025-03-28T03:53:44.350280 |
| tau.cloudns.biz | ❌ Down (Error) | None | N/A | 2025-03-28T03:53:44.350423 |
| svip.cloudns.org | ❌ Down (Error) | None | N/A | 2025-03-28T03:53:44.350529 |
| zote.cloudns.org | ❌ Down (Error) | None | N/A | 2025-03-28T03:53:44.350630 |
| ven.cloudns.biz | ❌ Down (Error) | None | N/A | 2025-03-28T03:53:44.350799 |
| zfo.cloudns.org | ❌ Down (Error) | None | N/A | 2025-03-28T03:53:44.350947 |
| zfo.dns-dynamic.net | ❌ Down (Error) | None | N/A | 2025-03-28T03:53:44.351053 |
| diffireworks.cloudns.org | ❌ Down (Error) | None | N/A | 2025-03-28T03:53:44.351151 |
| vip.dns-dynamic.net | ❌ Down (Error) | None | N/A | 2025-03-28T03:53:44.351247 |
| dsk.cloudns.biz | ❌ Down (Error) | None | N/A | 2025-03-28T03:53:44.351344 |
| fox.dns-dynamic.net | ❌ Down (Error) | None | N/A | 2025-03-28T03:53:44.351439 |
| xiolin.dns-dynamic.net | ❌ Down (Error) | None | N/A | 2025-03-28T03:53:44.351535 |
| sac.cloudns.biz | ❌ Down (Error) | None | N/A | 2025-03-28T03:53:44.351629 |
| kaixin.cloudns.ch | ❌ Down (Error) | None | N/A | 2025-03-28T03:53:44.351730 |
| wwv.cloudns.be | ❌ Down (Error) | None | N/A | 2025-03-28T03:53:44.351853 |
| mov.cloudns.org | ❌ Down (Error) | None | N/A | 2025-03-28T03:53:44.351950 |
| pan.cloudns.org | ❌ Down (Error) | None | N/A | 2025-03-28T03:53:44.352042 |
| siv.cloudns.ph | ❌ Down (Error) | None | N/A | 2025-03-28T03:53:44.352138 |
| wwo.cloudns.nz | ❌ Down (Error) | None | N/A | 2025-03-28T03:53:44.352232 |
| std.cloudns.org | ❌ Down (Error) | None | N/A | 2025-03-28T03:53:44.352325 |
| vercel.dns-dynamic.net | ❌ Down (Error) | None | N/A | 2025-03-28T03:53:44.352421 |
| virgo.cloudns.biz | ❌ Down (Error) | None | N/A | 2025-03-28T03:53:44.352526 |
| wwo.cloudns.ch | ❌ Down (Error) | None | N/A | 2025-03-28T03:53:44.352625 |
| vx.cloudns.ch | ❌ Down (Error) | None | N/A | 2025-03-28T03:53:44.352718 |
| kenelm.cloudns.ch | ❌ Down (Error) | None | N/A | 2025-03-28T03:53:44.352830 |
| beer.dns-dynamic.net | ❌ Down (Error) | None | N/A | 2025-03-28T03:53:44.352924 |
| vast.cloudns.ch | ❌ Down (Error) | None | N/A | 2025-03-28T03:53:44.353016 |
| vice.cloudns.be | ❌ Down (Error) | None | N/A | 2025-03-28T03:53:44.353110 |
| ipen.eu.org | ❌ Down (Error) | None | N/A | 2025-03-28T03:53:44.353203 |
| kaxoi.eu.org | ❌ Down (Error) | None | N/A | 2025-03-28T03:53:44.353295 |
| kcoco.eu.org | ❌ Down (Error) | None | N/A | 2025-03-28T03:53:44.353392 |
| linqin.eu.org | ❌ Down (Error) | None | N/A | 2025-03-28T03:53:44.353485 |
| ricpig.eu.org | ❌ Down (Error) | None | N/A | 2025-03-28T03:53:44.353578 |
| skvip.eu.org | ❌ Down (Error) | None | N/A | 2025-03-28T03:53:44.353675 |
| skyle.eu.org | ❌ Down (Error) | None | N/A | 2025-03-28T03:53:44.353801 |
| suke.eu.org | ❌ Down (Error) | None | N/A | 2025-03-28T03:53:44.353905 |
| vercl.eu.org | ❌ Down (Error) | None | N/A | 2025-03-28T03:53:44.354000 |
| vipn.eu.org | ❌ Down (Error) | None | N/A | 2025-03-28T03:53:44.354095 |
| wvvp.eu.org | ❌ Down (Error) | None | N/A | 2025-03-28T03:53:44.354188 |
| ipzo.eu.org | ❌ Down (Error) | None | N/A | 2025-03-28T03:53:44.354280 |
| linqing.eu.org | ❌ Down (Error) | None | N/A | 2025-03-28T03:53:44.354377 |
| stds.eu.org | ❌ Down (Error) | None | N/A | 2025-03-28T03:53:44.354471 |
| viko.eu.org | ❌ Down (Error) | None | N/A | 2025-03-28T03:53:44.354562 |
| vipk.eu.org | ❌ Down (Error) | None | N/A | 2025-03-28T03:53:44.354654 |
| xongan.eu.org | ❌ Down (Error) | None | N/A | 2025-03-28T03:53:44.354764 |
| zosx.eu.org | ❌ Down (Error) | None | N/A | 2025-03-28T03:53:44.354864 |
| zot.dedyn.io | ❌ Down (Error) | None | N/A | 2025-03-28T03:53:44.354957 |
| xeo.dedyn.io | ❌ Down (Error) | None | N/A | 2025-03-28T03:53:44.355050 |
| std.dedyn.io | ❌ Down (Error) | None | N/A | 2025-03-28T03:53:44.355141 |
| xio.edu.publicvm.com | ❌ Down (Error) | None | N/A | 2025-03-28T03:53:44.355234 |
| xio.jxsio.v6.army | ❌ Down (Error) | None | N/A | 2025-03-28T03:53:44.355326 |
| xioo.jxios.dynv6.net | ❌ Down (Error) | None | N/A | 2025-03-28T03:53:44.355420 |
| xioo.kaxoi.eu.org | ❌ Down (Error) | None | N/A | 2025-03-28T03:53:44.355519 |
| xioo.wwo.cloudns.nz | ❌ Down (Error) | None | N/A | 2025-03-28T03:53:44.355613 |
| xio.siv.cloudns.ph | ❌ Down (Error) | None | N/A | 2025-03-28T03:53:44.355706 |
| xio.std.cloudns.ch | ❌ Down (Error) | None | N/A | 2025-03-28T03:53:44.355820 |
| xio.vip.dns-dynamic.net | ❌ Down (Error) | None | N/A | 2025-03-28T03:53:44.355917 |
| xio.zon.byinter.net | ❌ Down (Error) | None | N/A | 2025-03-28T03:53:44.356082 |
| xio.zoot.myfw.us | ❌ Down (Error) | None | N/A | 2025-03-28T03:53:44.356269 |
| xio.gzos.link | ❌ Down (Error) | None | N/A | 2025-03-28T03:53:44.356450 |
| xioo.educ.line.pm | ❌ Down (Error) | None | N/A | 2025-03-28T03:53:44.356616 |
| xio.sac.cloudns.biz | ❌ Down (Error) | None | N/A | 2025-03-28T03:53:44.356798 |
| xio.std.cloudns.org | ❌ Down (Error) | None | N/A | 2025-03-28T03:53:44.356963 |
| xio.std.kesug.com | ❌ Down (Error) | None | N/A | 2025-03-28T03:53:44.357145 |
| xio.stu.loveslife.biz | ❌ Down (Error) | None | N/A | 2025-03-28T03:53:44.357327 |
| xio.wwv.cloudns.be | ❌ Down (Error) | None | N/A | 2025-03-28T03:53:44.357499 |
| xio.xeo.dedyn.io | ❌ Down (Error) | None | N/A | 2025-03-28T03:53:44.357679 |
| xio.xiaohhh.xyz | ❌ Down (Error) | None | N/A | 2025-03-28T03:53:44.357884 |
| xio.zoten.onflashdrive.app | ❌ Down (Error) | None | N/A | 2025-03-28T03:53:44.358065 |
| xio.gzos.rr.nu | ❌ Down (Error) | None | N/A | 2025-03-28T03:53:44.358242 |
| xio.lzhoo.v6.navy | ❌ Down (Error) | None | N/A | 2025-03-28T03:53:44.358417 |
| xio.std.000.pe | ❌ Down (Error) | None | N/A | 2025-03-28T03:53:44.358593 |
| xio.wwvio.dns.army | ❌ Down (Error) | None | N/A | 2025-03-28T03:53:44.358803 |
| xio.zon.lookin.at | ❌ Down (Error) | None | N/A | 2025-03-28T03:53:44.358990 |
| xio.zon.myredirect.us | ❌ Down (Error) | None | N/A | 2025-03-28T03:53:44.359155 |
| xio.zos.22web.org | ❌ Down (Error) | None | N/A | 2025-03-28T03:53:44.359316 |
| xio.zot.rf.gd | ❌ Down (Error) | None | N/A | 2025-03-28T03:53:44.359476 |
| xio.zoxte.v6.army | ❌ Down (Error) | None | N/A | 2025-03-28T03:53:44.359635 |
| xio.zoxte.v6.rocks | ❌ Down (Error) | None | N/A | 2025-03-28T03:53:44.359821 |
| xio.soho.lovedub.net | ❌ Down (Error) | None | N/A | 2025-03-28T03:53:44.360000 |
| xio.xn--ebbpo8a.xn--y9a3aq | ❌ Down (Error) | None | N/A | 2025-03-28T03:53:44.360191 |
| xio.zoxte.dns.navy | ❌ Down (Error) | None | N/A | 2025-03-28T03:53:44.360368 |
| soho.perslist.com | ❌ Down (Error) | None | N/A | 2025-03-28T03:53:44.360534 |
| wonder.dynx.me | ❌ Down (Error) | None | N/A | 2025-03-28T03:53:44.360704 |
| edu.42web.io | ❌ Down (Error) | None | N/A | 2025-03-28T03:53:44.360899 |
| std.great-site.net | ❌ Down (Error) | None | N/A | 2025-03-28T03:53:44.361090 |
| std.kesug.com | ❌ Down (Error) | None | N/A | 2025-03-28T03:53:44.361264 |
| zoon.wuaze.com | ❌ Down (Error) | None | N/A | 2025-03-28T03:53:44.361429 |
| chatz.lovestoblog.com | ❌ Down (Error) | None | N/A | 2025-03-28T03:53:44.361596 |
| zok.free.nf | ❌ Down (Error) | None | N/A | 2025-03-28T03:53:44.361804 |
| inwen.wuaze.com | ❌ Down (Error) | None | N/A | 2025-03-28T03:53:44.361980 |
| linwen.rf.gd | ❌ Down (Error) | None | N/A | 2025-03-28T03:53:44.362092 |
| edu.lovestoblog.com | ❌ Down (Error) | None | N/A | 2025-03-28T03:53:44.362197 |
| bre.cloudns.ch | ❌ Down (Error) | None | N/A | 2025-03-28T03:53:44.362299 |
| std.000.pe | ❌ Down (Error) | None | N/A | 2025-03-28T03:53:44.362398 |
| daiwen.infinityfreeapp.com | ❌ Down (Error) | None | N/A | 2025-03-28T03:53:44.362498 |
| educ.free.nf | ❌ Down (Error) | None | N/A | 2025-03-28T03:53:44.362597 |
| miao.dns-dynamic.net | ❌ Down (Error) | None | N/A | 2025-03-28T03:53:44.362695 |
| sch.cloudns.be | ❌ Down (Error) | None | N/A | 2025-03-28T03:53:44.362835 |
| si.cloudns.be | ❌ Down (Error) | None | N/A | 2025-03-28T03:53:44.362940 |
| skyo.dns-dynamic.net | ❌ Down (Error) | None | N/A | 2025-03-28T03:53:44.363038 |
| vp.cloudns.be | ❌ Down (Error) | None | N/A | 2025-03-28T03:53:44.363134 |
| zoot.unaux.com | ❌ Down (Error) | None | N/A | 2025-03-28T03:53:44.363227 |
| www.muppets.cloudns.ch | ❌ Down (Error) | None | N/A | 2025-03-28T03:53:44.363324 |
| clo.cloudns.be | ❌ Down (Error) | None | N/A | 2025-03-28T03:53:44.363420 |
| duf.cloudns.ch | ❌ Down (Error) | None | N/A | 2025-03-28T03:53:44.363514 |
| lzi.cloudns.ch | ❌ Down (Error) | None | N/A | 2025-03-28T03:53:44.363608 |
| muppets.cloudns.ch | ❌ Down (Error) | None | N/A | 2025-03-28T03:53:44.363703 |
| sen.cloudns.be | ❌ Down (Error) | None | N/A | 2025-03-28T03:53:44.363828 |
| uto.cloudns.ch | ❌ Down (Error) | None | N/A | 2025-03-28T03:53:44.363927 |
| vp.dns-dynamic.net | ❌ Down (Error) | None | N/A | 2025-03-28T03:53:44.364021 |
| edu.tkpk.cc | ❌ Down (Error) | None | N/A | 2025-03-28T03:53:44.364124 |
| edu.ezpz.work | ❌ Down (Error) | None | N/A | 2025-03-28T03:53:44.364223 |
| woshiwoyansebuya.cloudns.be | ❌ Down (Error) | None | N/A | 2025-03-28T03:53:44.364319 |
| shisi.dns-dynamic.net | ❌ Down (Error) | None | N/A | 2025-03-28T03:53:44.364422 |
| www.xiaomaomi.dns-dynamic.net | ❌ Down (Error) | None | N/A | 2025-03-28T03:53:44.364522 |
| www.yiluhuohuadaishadian.dns-dynamic.net | ❌ Down (Error) | None | N/A | 2025-03-28T03:53:44.364620 |
| www.liniang.cloudns.be | ❌ Down (Error) | None | N/A | 2025-03-28T03:53:44.364803 |
| cdy52.pages.dev | ❌ Down (Error) | None | N/A | 2025-03-28T03:53:44.364936 |
| xio.live-on.net | ❌ Down (Error) | None | N/A | 2025-03-28T03:53:44.365037 |
| xio.mydns.tw | ❌ Down (Error) | None | N/A | 2025-03-28T03:53:44.365133 |
| xio.keyword-on.net | ❌ Down (Error) | None | N/A | 2025-03-28T03:53:44.365229 |
| xio.wjg.jp | ❌ Down (Error) | None | N/A | 2025-03-28T03:53:44.365325 |
| woxy.xio.keyword-on.net | ❌ Down (Error) | None | N/A | 2025-03-28T03:53:44.365421 |
| stdu.nyc.mn | ❌ Down (Error) | None | N/A | 2025-03-28T03:53:44.365515 |
| mokin.nyc.mn | ❌ Down (Error) | None | N/A | 2025-03-28T03:53:44.365609 |
| jxio.nyc.mn | ❌ Down (Error) | None | N/A | 2025-03-28T03:53:44.365708 |
| veco.nyc.mn | ❌ Down (Error) | None | N/A | 2025-03-28T03:53:44.365825 |
| zoot.nyc.mn | ❌ Down (Error) | None | N/A | 2025-03-28T03:53:44.365920 |
| xisu.nyc.mn | ❌ Down (Error) | None | N/A | 2025-03-28T03:53:44.366013 |
| odbar.stdu.nyc.mn | ❌ Down (Error) | None | N/A | 2025-03-28T03:53:44.366114 |
| res.zoot.nyc.mn | ❌ Down (Error) | None | N/A | 2025-03-28T03:53:44.366210 |
| age.xisu.nyc.mn | ❌ Down (Error) | None | N/A | 2025-03-28T03:53:44.366309 |
| eolin.avisa.dedyn.io | ❌ Down (Error) | None | N/A | 2025-03-28T03:53:44.366408 |
| zoot.serv00.net | ❌ Down (Error) | None | N/A | 2025-03-28T03:53:44.366502 |
| gzols.serv00.net | ❌ Down (Error) | None | N/A | 2025-03-28T03:53:44.366596 |
| zko.xio.live-on.net | ❌ Down (Error) | None | N/A | 2025-03-28T03:53:44.366690 |
| zkc.xio.live-on.net | ❌ Down (Error) | None | N/A | 2025-03-28T03:53:44.366802 |
| voxy.xio.gleeze.com | ❌ Down (Error) | None | N/A | 2025-03-28T03:53:44.366900 |
| mo.stdu.3d.tc | ❌ Down (Error) | None | N/A | 2025-03-28T03:53:44.366994 |
| wxi.jxs.byinter.net | ❌ Down (Error) | None | N/A | 2025-03-28T03:53:44.367089 |
| xoy.zhozo.cloudns.ch | ❌ Down (Error) | None | N/A | 2025-03-28T03:53:44.367183 |
| wxio.edu.x24hr.com | ❌ Down (Error) | None | N/A | 2025-03-28T03:53:44.367283 |
| wxi-8k0.edu.x24hr.com | ❌ Down (Error) | None | N/A | 2025-03-28T03:53:44.367378 |
| wxi-yqc.edu.x24hr.com | ❌ Down (Error) | None | N/A | 2025-03-28T03:53:44.367472 |
| lon.lxuei.cloudns.be | ❌ Down (Error) | None | N/A | 2025-03-28T03:53:44.367565 |
| www.woloveyangqin.dns-dynamic.net | ❌ Down (Error) | None | N/A | 2025-03-28T03:53:44.367660 |
| www.vast.cloudns.ch | ❌ Down (Error) | None | N/A | 2025-03-28T03:53:44.367771 |
| www.visa.com.sg | ❌ Down (Error) | None | N/A | 2025-03-28T03:53:44.367870 |
| dxzk.jxsoc.cc.ua | ❌ Down (Error) | None | N/A | 2025-03-28T03:53:44.367965 |
| xfus.educ.cloudns.biz | ❌ Down (Error) | None | N/A | 2025-03-28T03:53:44.368068 |
| wxi-tns.edu.x24hr.com | ❌ Down (Error) | None | N/A | 2025-03-28T03:53:44.368166 |
| wxi-38a.edu.x24hr.com | ❌ Down (Error) | None | N/A | 2025-03-28T03:53:44.368261 |
| wxi-8fm.xio.longmusic.com | ❌ Down (Error) | None | N/A | 2025-03-28T03:53:44.368355 |
| xinxin-d4h.xio.longmusic.com | ❌ Down (Error) | None | N/A | 2025-03-28T03:53:44.368457 |
| www.cdue.cloudns.ch | ❌ Down (Error) | None | N/A | 2025-03-28T03:53:44.368553 |
| www.zto.cloudns.ch | ❌ Down (Error) | None | N/A | 2025-03-28T03:53:44.368648 |
| wxio.xio.zyns.com | ❌ Down (Error) | None | N/A | 2025-03-28T03:53:44.368742 |
| www.kaxin.cloudns.ch | ❌ Down (Error) | None | N/A | 2025-03-28T03:53:44.368857 |
| www.kenelm.cloudns.ch | ❌ Down (Error) | None | N/A | 2025-03-28T03:53:44.368952 |
| uedi.xio.zyns.com | ❌ Down (Error) | None | N/A | 2025-03-28T03:53:44.369046 |
| wxi.xio.zyns.com | ❌ Down (Error) | None | N/A | 2025-03-28T03:53:44.369139 |
| iufeu.xio.dynamic-dns.net | ❌ Down (Error) | None | N/A | 2025-03-28T03:53:44.369237 |
| www.bre.cloudns.ch | ❌ Down (Error) | None | N/A | 2025-03-28T03:53:44.369334 |
| iorfuy.xio.dynamic-dns.net | ❌ Down (Error) | None | N/A | 2025-03-28T03:53:44.369431 |
| www.diffireworks.cloudns.org | ❌ Down (Error) | None | N/A | 2025-03-28T03:53:44.369526 |
| gedu.xio.zzux.com | ❌ Down (Error) | None | N/A | 2025-03-28T03:53:44.369626 |
| owire.xio.zzux.com | ❌ Down (Error) | None | N/A | 2025-03-28T03:53:44.369722 |
| ie23.xio.zzux.com | ❌ Down (Error) | None | N/A | 2025-03-28T03:53:44.369837 |
| ewfhho.xio.zzux.com | ❌ Down (Error) | None | N/A | 2025-03-28T03:53:44.369933 |
| ofoi.xio.longmusic.com | ❌ Down (Error) | None | N/A | 2025-03-28T03:53:44.370027 |
| dbng.xio.longmusic.com | ❌ Down (Error) | None | N/A | 2025-03-28T03:53:44.370122 |
| iuwe.zote.rr.nu | ❌ Down (Error) | None | N/A | 2025-03-28T03:53:44.370217 |
| www.ven.cloudns.biz | ❌ Down (Error) | None | N/A | 2025-03-28T03:53:44.370317 |
| iuwe.stdue.dynv6.net | ❌ Down (Error) | None | N/A | 2025-03-28T03:53:44.370418 |
| xio.won.cc.ua | ❌ Down (Error) | None | N/A | 2025-03-28T03:53:44.370514 |
| cdy.jxs.dix.asia | ❌ Down (Error) | None | N/A | 2025-03-28T03:53:44.370673 |
| djgj.xio.mydns.tw | ❌ Down (Error) | None | N/A | 2025-03-28T03:53:44.370811 |
| ekq.xio.keyword-on.net | ❌ Down (Error) | None | N/A | 2025-03-28T03:53:44.370910 |
| i8xx.xio.wjg.jp | ❌ Down (Error) | None | N/A | 2025-03-28T03:53:44.371007 |
| rsboat.wox.us.kg | ❌ Down (Error) | None | N/A | 2025-03-28T03:53:44.371102 |
| gqhuo.jxios.dynv6.net | ❌ Down (Error) | None | N/A | 2025-03-28T03:53:44.371197 |
| kzze.lzhoo.v6.navy | ❌ Down (Error) | None | N/A | 2025-03-28T03:53:44.371292 |
| woxy.limkco.evai.pl | ❌ Down (Error) | None | N/A | 2025-03-28T03:53:44.371387 |
| pxyu.sohoo.v6.army | ❌ Down (Error) | None | N/A | 2025-03-28T03:53:44.371482 |
| zerd.sohoo.dns.navy | ❌ Down (Error) | None | N/A | 2025-03-28T03:53:44.371577 |
| zxi.sohoo.v6.navy | ❌ Down (Error) | None | N/A | 2025-03-28T03:53:44.371671 |
| kosti.xio.dynamic-dns.net | ❌ Down (Error) | None | N/A | 2025-03-28T03:53:44.371782 |
| mckd.edu.as19557.net | ❌ Down (Error) | None | N/A | 2025-03-28T03:53:44.371881 |
| mirt.edu.as19557.net | ❌ Down (Error) | None | N/A | 2025-03-28T03:53:44.371983 |
| mjsd.xio.itsaol.com | ❌ Down (Error) | None | N/A | 2025-03-28T03:53:44.372078 |
| nitay.edu.qpoe.com | ❌ Down (Error) | None | N/A | 2025-03-28T03:53:44.372172 |
| sctsz.zote.cloudns.org | ❌ Down (Error) | None | N/A | 2025-03-28T03:53:44.372266 |
| xjisd.educ.cloudns.biz | ❌ Down (Error) | None | N/A | 2025-03-28T03:53:44.372360 |
| wibl.zfo.dns-dynamic.net | ❌ Down (Error) | None | N/A | 2025-03-28T03:53:44.372454 |
| wzko.siv.cloudns.ph | ❌ Down (Error) | None | N/A | 2025-03-28T03:53:44.372548 |
| xswi.wwo.cloudns.nz | ❌ Down (Error) | None | N/A | 2025-03-28T03:53:44.372642 |
| zelm.vast.cloudns.ch | ❌ Down (Error) | None | N/A | 2025-03-28T03:53:44.372736 |
| kjus.xio.cloud-ip.biz | ❌ Down (Error) | None | N/A | 2025-03-28T03:53:44.372852 |
| gitxc.vip.ip-dynamic.org | ❌ Down (Error) | None | N/A | 2025-03-28T03:53:44.372948 |
| bayio.edu.dynx.me | ❌ Down (Error) | None | N/A | 2025-03-28T03:53:44.373043 |
| towa.xio.bolo.fyi | ❌ Down (Error) | None | N/A | 2025-03-28T03:53:44.373137 |
| suco.edu.ezpz.work | ❌ Down (Error) | None | N/A | 2025-03-28T03:53:44.373231 |
| wov.soho.lovedub.net | ❌ Down (Error) | None | N/A | 2025-03-28T03:53:44.373325 |
| zipn.soho.lbahq.com | ❌ Down (Error) | None | N/A | 2025-03-28T03:53:44.373420 |
| parp.xeo.dedyn.io | ❌ Down (Error) | None | N/A | 2025-03-28T03:53:44.373514 |
| agei.svip.app.tc | ❌ Down (Error) | None | N/A | 2025-03-28T03:53:44.373607 |
| baic.kuilut.tic.tc | ❌ Down (Error) | None | N/A | 2025-03-28T03:53:44.373701 |
| dziy.svip.blogu.tc | ❌ Down (Error) | None | N/A | 2025-03-28T03:53:44.373820 |
| flq.wwon.con.tc | ❌ Down (Error) | None | N/A | 2025-03-28T03:53:44.373917 |
| rowb.svip.san.tc | ❌ Down (Error) | None | N/A | 2025-03-28T03:53:44.374015 |
| itss.wxio.sitesi.tc | ❌ Down (Error) | None | N/A | 2025-03-28T03:53:44.374111 |
| sni=xn--rss272l.us.kg | ❌ Down (Error) | None | N/A | 2025-03-28T03:53:44.374206 |
| cxaz.sohoo.isgre.at | ❌ Down (Error) | None | N/A | 2025-03-28T03:53:44.374306 |
| subi.zone.id | ❌ Down (Error) | None | N/A | 2025-03-28T03:53:44.374872 |
| muzic.zone.id | ❌ Down (Error) | None | N/A | 2025-03-28T03:53:44.375016 |
