# Website Status

Below is the latest status of monitored websites:

| URL | Status | Status Code | Response Time | Last Checked |
|-----|--------|-------------|---------------|--------------|
| https://pandora-vercel-one-nu.vercel.app | ✅ Up | 200 | 2127.76 ms | 2025-03-23T11:48:43.975836 |
| https://chat-beta-woad.vercel.app | ✅ Up | 200 | 2170.81 ms | 2025-03-23T11:48:46.146864 |
| https://chatgpt-ai-jet.vercel.app | ✅ Up | 200 | 74.97 ms | 2025-03-23T11:48:46.222008 |
| https://ai-assistant-five-theta.vercel.app | ✅ Up | 200 | 76.94 ms | 2025-03-23T11:48:46.299106 |
| http://zot.ydns.eu | ⚠️ Down (Status: 404) | 404 | 666.35 ms | 2025-03-23T11:48:46.965614 |
| http://poxy.ydns.eu | ✅ Up | 200 | 602.41 ms | 2025-03-23T11:48:47.568135 |
| http://long.ydns.eu | ⚠️ Down (Status: 404) | 404 | 524.01 ms | 2025-03-23T11:48:48.092256 |
| http://drv.ydns.eu | ✅ Up | 200 | 362.63 ms | 2025-03-23T11:48:48.455039 |
| cdue.cloudns.ch | ❌ Down (Error) | None | N/A | 2025-03-23T11:48:48.455402 |
| educ.cloudns.biz | ❌ Down (Error) | None | N/A | 2025-03-23T11:48:48.455566 |
| tau.cloudns.biz | ❌ Down (Error) | None | N/A | 2025-03-23T11:48:48.455723 |
| svip.cloudns.org | ❌ Down (Error) | None | N/A | 2025-03-23T11:48:48.455868 |
| zote.cloudns.org | ❌ Down (Error) | None | N/A | 2025-03-23T11:48:48.456012 |
| ven.cloudns.biz | ❌ Down (Error) | None | N/A | 2025-03-23T11:48:48.456162 |
| zfo.cloudns.org | ❌ Down (Error) | None | N/A | 2025-03-23T11:48:48.456307 |
| zfo.dns-dynamic.net | ❌ Down (Error) | None | N/A | 2025-03-23T11:48:48.456423 |
| diffireworks.cloudns.org | ❌ Down (Error) | None | N/A | 2025-03-23T11:48:48.456524 |
| vip.dns-dynamic.net | ❌ Down (Error) | None | N/A | 2025-03-23T11:48:48.456623 |
| dsk.cloudns.biz | ❌ Down (Error) | None | N/A | 2025-03-23T11:48:48.456720 |
| fox.dns-dynamic.net | ❌ Down (Error) | None | N/A | 2025-03-23T11:48:48.456818 |
| xiolin.dns-dynamic.net | ❌ Down (Error) | None | N/A | 2025-03-23T11:48:48.456914 |
| sac.cloudns.biz | ❌ Down (Error) | None | N/A | 2025-03-23T11:48:48.457008 |
| kaixin.cloudns.ch | ❌ Down (Error) | None | N/A | 2025-03-23T11:48:48.457110 |
| wwv.cloudns.be | ❌ Down (Error) | None | N/A | 2025-03-23T11:48:48.457205 |
| mov.cloudns.org | ❌ Down (Error) | None | N/A | 2025-03-23T11:48:48.457323 |
| pan.cloudns.org | ❌ Down (Error) | None | N/A | 2025-03-23T11:48:48.457421 |
| siv.cloudns.ph | ❌ Down (Error) | None | N/A | 2025-03-23T11:48:48.457522 |
| wwo.cloudns.nz | ❌ Down (Error) | None | N/A | 2025-03-23T11:48:48.457622 |
| std.cloudns.org | ❌ Down (Error) | None | N/A | 2025-03-23T11:48:48.457721 |
| vercel.dns-dynamic.net | ❌ Down (Error) | None | N/A | 2025-03-23T11:48:48.457818 |
| virgo.cloudns.biz | ❌ Down (Error) | None | N/A | 2025-03-23T11:48:48.457932 |
| wwo.cloudns.ch | ❌ Down (Error) | None | N/A | 2025-03-23T11:48:48.458034 |
| vx.cloudns.ch | ❌ Down (Error) | None | N/A | 2025-03-23T11:48:48.458129 |
| kenelm.cloudns.ch | ❌ Down (Error) | None | N/A | 2025-03-23T11:48:48.458222 |
| beer.dns-dynamic.net | ❌ Down (Error) | None | N/A | 2025-03-23T11:48:48.458348 |
| vast.cloudns.ch | ❌ Down (Error) | None | N/A | 2025-03-23T11:48:48.458448 |
| vice.cloudns.be | ❌ Down (Error) | None | N/A | 2025-03-23T11:48:48.458542 |
| ipen.eu.org | ❌ Down (Error) | None | N/A | 2025-03-23T11:48:48.458636 |
| kaxoi.eu.org | ❌ Down (Error) | None | N/A | 2025-03-23T11:48:48.458727 |
| kcoco.eu.org | ❌ Down (Error) | None | N/A | 2025-03-23T11:48:48.458826 |
| linqin.eu.org | ❌ Down (Error) | None | N/A | 2025-03-23T11:48:48.458920 |
| ricpig.eu.org | ❌ Down (Error) | None | N/A | 2025-03-23T11:48:48.459013 |
| skvip.eu.org | ❌ Down (Error) | None | N/A | 2025-03-23T11:48:48.459111 |
| skyle.eu.org | ❌ Down (Error) | None | N/A | 2025-03-23T11:48:48.459205 |
| suke.eu.org | ❌ Down (Error) | None | N/A | 2025-03-23T11:48:48.459332 |
| vercl.eu.org | ❌ Down (Error) | None | N/A | 2025-03-23T11:48:48.459439 |
| vipn.eu.org | ❌ Down (Error) | None | N/A | 2025-03-23T11:48:48.459536 |
| wvvp.eu.org | ❌ Down (Error) | None | N/A | 2025-03-23T11:48:48.459629 |
| ipzo.eu.org | ❌ Down (Error) | None | N/A | 2025-03-23T11:48:48.459721 |
| linqing.eu.org | ❌ Down (Error) | None | N/A | 2025-03-23T11:48:48.459818 |
| stds.eu.org | ❌ Down (Error) | None | N/A | 2025-03-23T11:48:48.459913 |
| viko.eu.org | ❌ Down (Error) | None | N/A | 2025-03-23T11:48:48.460004 |
| vipk.eu.org | ❌ Down (Error) | None | N/A | 2025-03-23T11:48:48.460096 |
| xongan.eu.org | ❌ Down (Error) | None | N/A | 2025-03-23T11:48:48.460191 |
| zosx.eu.org | ❌ Down (Error) | None | N/A | 2025-03-23T11:48:48.460303 |
| zot.dedyn.io | ❌ Down (Error) | None | N/A | 2025-03-23T11:48:48.460402 |
| xeo.dedyn.io | ❌ Down (Error) | None | N/A | 2025-03-23T11:48:48.460493 |
| std.dedyn.io | ❌ Down (Error) | None | N/A | 2025-03-23T11:48:48.460585 |
| xio.edu.publicvm.com | ❌ Down (Error) | None | N/A | 2025-03-23T11:48:48.460678 |
| xio.jxsio.v6.army | ❌ Down (Error) | None | N/A | 2025-03-23T11:48:48.460777 |
| xioo.jxios.dynv6.net | ❌ Down (Error) | None | N/A | 2025-03-23T11:48:48.460871 |
| xioo.kaxoi.eu.org | ❌ Down (Error) | None | N/A | 2025-03-23T11:48:48.460969 |
| xioo.wwo.cloudns.nz | ❌ Down (Error) | None | N/A | 2025-03-23T11:48:48.461063 |
| xio.siv.cloudns.ph | ❌ Down (Error) | None | N/A | 2025-03-23T11:48:48.461156 |
| xio.std.cloudns.ch | ❌ Down (Error) | None | N/A | 2025-03-23T11:48:48.461248 |
| xio.vip.dns-dynamic.net | ❌ Down (Error) | None | N/A | 2025-03-23T11:48:48.461360 |
| xio.zon.byinter.net | ❌ Down (Error) | None | N/A | 2025-03-23T11:48:48.461553 |
| xio.zoot.myfw.us | ❌ Down (Error) | None | N/A | 2025-03-23T11:48:48.461720 |
| xio.gzos.link | ❌ Down (Error) | None | N/A | 2025-03-23T11:48:48.461867 |
| xioo.educ.line.pm | ❌ Down (Error) | None | N/A | 2025-03-23T11:48:48.461976 |
| xio.sac.cloudns.biz | ❌ Down (Error) | None | N/A | 2025-03-23T11:48:48.462074 |
| xio.std.cloudns.org | ❌ Down (Error) | None | N/A | 2025-03-23T11:48:48.462167 |
| xio.std.kesug.com | ❌ Down (Error) | None | N/A | 2025-03-23T11:48:48.462261 |
| xio.stu.loveslife.biz | ❌ Down (Error) | None | N/A | 2025-03-23T11:48:48.462388 |
| xio.wwv.cloudns.be | ❌ Down (Error) | None | N/A | 2025-03-23T11:48:48.462486 |
| xio.xeo.dedyn.io | ❌ Down (Error) | None | N/A | 2025-03-23T11:48:48.462581 |
| xio.xiaohhh.xyz | ❌ Down (Error) | None | N/A | 2025-03-23T11:48:48.462674 |
| xio.zoten.onflashdrive.app | ❌ Down (Error) | None | N/A | 2025-03-23T11:48:48.462769 |
| xio.gzos.rr.nu | ❌ Down (Error) | None | N/A | 2025-03-23T11:48:48.462862 |
| xio.lzhoo.v6.navy | ❌ Down (Error) | None | N/A | 2025-03-23T11:48:48.462955 |
| xio.std.000.pe | ❌ Down (Error) | None | N/A | 2025-03-23T11:48:48.463049 |
| xio.wwvio.dns.army | ❌ Down (Error) | None | N/A | 2025-03-23T11:48:48.463146 |
| xio.zon.lookin.at | ❌ Down (Error) | None | N/A | 2025-03-23T11:48:48.463241 |
| xio.zon.myredirect.us | ❌ Down (Error) | None | N/A | 2025-03-23T11:48:48.463373 |
| xio.zos.22web.org | ❌ Down (Error) | None | N/A | 2025-03-23T11:48:48.463475 |
| xio.zot.rf.gd | ❌ Down (Error) | None | N/A | 2025-03-23T11:48:48.463569 |
| xio.zoxte.v6.army | ❌ Down (Error) | None | N/A | 2025-03-23T11:48:48.463663 |
| xio.zoxte.v6.rocks | ❌ Down (Error) | None | N/A | 2025-03-23T11:48:48.463761 |
| xio.soho.lovedub.net | ❌ Down (Error) | None | N/A | 2025-03-23T11:48:48.463859 |
| xio.xn--ebbpo8a.xn--y9a3aq | ❌ Down (Error) | None | N/A | 2025-03-23T11:48:48.463955 |
| xio.zoxte.dns.navy | ❌ Down (Error) | None | N/A | 2025-03-23T11:48:48.464049 |
| soho.perslist.com | ❌ Down (Error) | None | N/A | 2025-03-23T11:48:48.464141 |
| wonder.dynx.me | ❌ Down (Error) | None | N/A | 2025-03-23T11:48:48.464240 |
| edu.42web.io | ❌ Down (Error) | None | N/A | 2025-03-23T11:48:48.464357 |
| std.great-site.net | ❌ Down (Error) | None | N/A | 2025-03-23T11:48:48.464452 |
| std.kesug.com | ❌ Down (Error) | None | N/A | 2025-03-23T11:48:48.464545 |
| zoon.wuaze.com | ❌ Down (Error) | None | N/A | 2025-03-23T11:48:48.464637 |
| chatz.lovestoblog.com | ❌ Down (Error) | None | N/A | 2025-03-23T11:48:48.464731 |
| zok.free.nf | ❌ Down (Error) | None | N/A | 2025-03-23T11:48:48.464829 |
| inwen.wuaze.com | ❌ Down (Error) | None | N/A | 2025-03-23T11:48:48.464922 |
| linwen.rf.gd | ❌ Down (Error) | None | N/A | 2025-03-23T11:48:48.465015 |
| edu.lovestoblog.com | ❌ Down (Error) | None | N/A | 2025-03-23T11:48:48.465107 |
| bre.cloudns.ch | ❌ Down (Error) | None | N/A | 2025-03-23T11:48:48.465199 |
| std.000.pe | ❌ Down (Error) | None | N/A | 2025-03-23T11:48:48.465309 |
| daiwen.infinityfreeapp.com | ❌ Down (Error) | None | N/A | 2025-03-23T11:48:48.465408 |
| educ.free.nf | ❌ Down (Error) | None | N/A | 2025-03-23T11:48:48.465501 |
| miao.dns-dynamic.net | ❌ Down (Error) | None | N/A | 2025-03-23T11:48:48.465593 |
| sch.cloudns.be | ❌ Down (Error) | None | N/A | 2025-03-23T11:48:48.465686 |
| si.cloudns.be | ❌ Down (Error) | None | N/A | 2025-03-23T11:48:48.465777 |
| skyo.dns-dynamic.net | ❌ Down (Error) | None | N/A | 2025-03-23T11:48:48.465870 |
| vp.cloudns.be | ❌ Down (Error) | None | N/A | 2025-03-23T11:48:48.465961 |
| zoot.unaux.com | ❌ Down (Error) | None | N/A | 2025-03-23T11:48:48.466053 |
| www.muppets.cloudns.ch | ❌ Down (Error) | None | N/A | 2025-03-23T11:48:48.466146 |
| clo.cloudns.be | ❌ Down (Error) | None | N/A | 2025-03-23T11:48:48.466239 |
| duf.cloudns.ch | ❌ Down (Error) | None | N/A | 2025-03-23T11:48:48.466367 |
| lzi.cloudns.ch | ❌ Down (Error) | None | N/A | 2025-03-23T11:48:48.466464 |
| muppets.cloudns.ch | ❌ Down (Error) | None | N/A | 2025-03-23T11:48:48.466557 |
| sen.cloudns.be | ❌ Down (Error) | None | N/A | 2025-03-23T11:48:48.466655 |
| uto.cloudns.ch | ❌ Down (Error) | None | N/A | 2025-03-23T11:48:48.466747 |
| vp.dns-dynamic.net | ❌ Down (Error) | None | N/A | 2025-03-23T11:48:48.466839 |
| edu.tkpk.cc | ❌ Down (Error) | None | N/A | 2025-03-23T11:48:48.466939 |
| edu.ezpz.work | ❌ Down (Error) | None | N/A | 2025-03-23T11:48:48.467035 |
| woshiwoyansebuya.cloudns.be | ❌ Down (Error) | None | N/A | 2025-03-23T11:48:48.467128 |
| shisi.dns-dynamic.net | ❌ Down (Error) | None | N/A | 2025-03-23T11:48:48.467228 |
| www.xiaomaomi.dns-dynamic.net | ❌ Down (Error) | None | N/A | 2025-03-23T11:48:48.467363 |
| www.yiluhuohuadaishadian.dns-dynamic.net | ❌ Down (Error) | None | N/A | 2025-03-23T11:48:48.467470 |
| www.liniang.cloudns.be | ❌ Down (Error) | None | N/A | 2025-03-23T11:48:48.467659 |
| cdy52.pages.dev | ❌ Down (Error) | None | N/A | 2025-03-23T11:48:48.467804 |
| xio.live-on.net | ❌ Down (Error) | None | N/A | 2025-03-23T11:48:48.467944 |
| xio.mydns.tw | ❌ Down (Error) | None | N/A | 2025-03-23T11:48:48.468062 |
| xio.keyword-on.net | ❌ Down (Error) | None | N/A | 2025-03-23T11:48:48.468160 |
| xio.wjg.jp | ❌ Down (Error) | None | N/A | 2025-03-23T11:48:48.468256 |
| woxy.xio.keyword-on.net | ❌ Down (Error) | None | N/A | 2025-03-23T11:48:48.468374 |
| stdu.nyc.mn | ❌ Down (Error) | None | N/A | 2025-03-23T11:48:48.468468 |
| mokin.nyc.mn | ❌ Down (Error) | None | N/A | 2025-03-23T11:48:48.468560 |
| jxio.nyc.mn | ❌ Down (Error) | None | N/A | 2025-03-23T11:48:48.468661 |
| veco.nyc.mn | ❌ Down (Error) | None | N/A | 2025-03-23T11:48:48.468776 |
| zoot.nyc.mn | ❌ Down (Error) | None | N/A | 2025-03-23T11:48:48.468881 |
| xisu.nyc.mn | ❌ Down (Error) | None | N/A | 2025-03-23T11:48:48.468974 |
| odbar.stdu.nyc.mn | ❌ Down (Error) | None | N/A | 2025-03-23T11:48:48.469072 |
| res.zoot.nyc.mn | ❌ Down (Error) | None | N/A | 2025-03-23T11:48:48.469166 |
| age.xisu.nyc.mn | ❌ Down (Error) | None | N/A | 2025-03-23T11:48:48.469262 |
| eolin.avisa.dedyn.io | ❌ Down (Error) | None | N/A | 2025-03-23T11:48:48.469380 |
| zoot.serv00.net | ❌ Down (Error) | None | N/A | 2025-03-23T11:48:48.469476 |
| gzols.serv00.net | ❌ Down (Error) | None | N/A | 2025-03-23T11:48:48.469568 |
| zko.xio.live-on.net | ❌ Down (Error) | None | N/A | 2025-03-23T11:48:48.469660 |
| zkc.xio.live-on.net | ❌ Down (Error) | None | N/A | 2025-03-23T11:48:48.469752 |
| voxy.xio.gleeze.com | ❌ Down (Error) | None | N/A | 2025-03-23T11:48:48.469844 |
| mo.stdu.3d.tc | ❌ Down (Error) | None | N/A | 2025-03-23T11:48:48.469937 |
| wxi.jxs.byinter.net | ❌ Down (Error) | None | N/A | 2025-03-23T11:48:48.470031 |
| xoy.zhozo.cloudns.ch | ❌ Down (Error) | None | N/A | 2025-03-23T11:48:48.470126 |
| wxio.edu.x24hr.com | ❌ Down (Error) | None | N/A | 2025-03-23T11:48:48.470220 |
| wxi-8k0.edu.x24hr.com | ❌ Down (Error) | None | N/A | 2025-03-23T11:48:48.470348 |
| wxi-yqc.edu.x24hr.com | ❌ Down (Error) | None | N/A | 2025-03-23T11:48:48.470450 |
| lon.lxuei.cloudns.be | ❌ Down (Error) | None | N/A | 2025-03-23T11:48:48.470547 |
| www.woloveyangqin.dns-dynamic.net | ❌ Down (Error) | None | N/A | 2025-03-23T11:48:48.470643 |
| www.vast.cloudns.ch | ❌ Down (Error) | None | N/A | 2025-03-23T11:48:48.470743 |
| www.visa.com.sg | ❌ Down (Error) | None | N/A | 2025-03-23T11:48:48.470844 |
| dxzk.jxsoc.cc.ua | ❌ Down (Error) | None | N/A | 2025-03-23T11:48:48.470946 |
| xfus.educ.cloudns.biz | ❌ Down (Error) | None | N/A | 2025-03-23T11:48:48.471053 |
| wxi-tns.edu.x24hr.com | ❌ Down (Error) | None | N/A | 2025-03-23T11:48:48.471149 |
| wxi-38a.edu.x24hr.com | ❌ Down (Error) | None | N/A | 2025-03-23T11:48:48.471244 |
| wxi-8fm.xio.longmusic.com | ❌ Down (Error) | None | N/A | 2025-03-23T11:48:48.471375 |
| xinxin-d4h.xio.longmusic.com | ❌ Down (Error) | None | N/A | 2025-03-23T11:48:48.471480 |
| www.cdue.cloudns.ch | ❌ Down (Error) | None | N/A | 2025-03-23T11:48:48.471578 |
| www.zto.cloudns.ch | ❌ Down (Error) | None | N/A | 2025-03-23T11:48:48.471674 |
| wxio.xio.zyns.com | ❌ Down (Error) | None | N/A | 2025-03-23T11:48:48.471768 |
| www.kaxin.cloudns.ch | ❌ Down (Error) | None | N/A | 2025-03-23T11:48:48.471861 |
| www.kenelm.cloudns.ch | ❌ Down (Error) | None | N/A | 2025-03-23T11:48:48.471953 |
| uedi.xio.zyns.com | ❌ Down (Error) | None | N/A | 2025-03-23T11:48:48.472047 |
| wxi.xio.zyns.com | ❌ Down (Error) | None | N/A | 2025-03-23T11:48:48.472142 |
| iufeu.xio.dynamic-dns.net | ❌ Down (Error) | None | N/A | 2025-03-23T11:48:48.472242 |
| www.bre.cloudns.ch | ❌ Down (Error) | None | N/A | 2025-03-23T11:48:48.472361 |
| iorfuy.xio.dynamic-dns.net | ❌ Down (Error) | None | N/A | 2025-03-23T11:48:48.472459 |
| www.diffireworks.cloudns.org | ❌ Down (Error) | None | N/A | 2025-03-23T11:48:48.472555 |
| gedu.xio.zzux.com | ❌ Down (Error) | None | N/A | 2025-03-23T11:48:48.472655 |
| owire.xio.zzux.com | ❌ Down (Error) | None | N/A | 2025-03-23T11:48:48.472749 |
| ie23.xio.zzux.com | ❌ Down (Error) | None | N/A | 2025-03-23T11:48:48.472843 |
| ewfhho.xio.zzux.com | ❌ Down (Error) | None | N/A | 2025-03-23T11:48:48.472937 |
| ofoi.xio.longmusic.com | ❌ Down (Error) | None | N/A | 2025-03-23T11:48:48.473030 |
| dbng.xio.longmusic.com | ❌ Down (Error) | None | N/A | 2025-03-23T11:48:48.473125 |
| iuwe.zote.rr.nu | ❌ Down (Error) | None | N/A | 2025-03-23T11:48:48.473218 |
| www.ven.cloudns.biz | ❌ Down (Error) | None | N/A | 2025-03-23T11:48:48.473330 |
| iuwe.stdue.dynv6.net | ❌ Down (Error) | None | N/A | 2025-03-23T11:48:48.473432 |
| xio.won.cc.ua | ❌ Down (Error) | None | N/A | 2025-03-23T11:48:48.473527 |
| cdy.jxs.dix.asia | ❌ Down (Error) | None | N/A | 2025-03-23T11:48:48.473711 |
| djgj.xio.mydns.tw | ❌ Down (Error) | None | N/A | 2025-03-23T11:48:48.473861 |
| ekq.xio.keyword-on.net | ❌ Down (Error) | None | N/A | 2025-03-23T11:48:48.474007 |
| i8xx.xio.wjg.jp | ❌ Down (Error) | None | N/A | 2025-03-23T11:48:48.474148 |
| rsboat.wox.us.kg | ❌ Down (Error) | None | N/A | 2025-03-23T11:48:48.474314 |
| gqhuo.jxios.dynv6.net | ❌ Down (Error) | None | N/A | 2025-03-23T11:48:48.474423 |
| kzze.lzhoo.v6.navy | ❌ Down (Error) | None | N/A | 2025-03-23T11:48:48.474518 |
| woxy.limkco.evai.pl | ❌ Down (Error) | None | N/A | 2025-03-23T11:48:48.474612 |
| pxyu.sohoo.v6.army | ❌ Down (Error) | None | N/A | 2025-03-23T11:48:48.474706 |
| zerd.sohoo.dns.navy | ❌ Down (Error) | None | N/A | 2025-03-23T11:48:48.474798 |
| zxi.sohoo.v6.navy | ❌ Down (Error) | None | N/A | 2025-03-23T11:48:48.474893 |
| kosti.xio.dynamic-dns.net | ❌ Down (Error) | None | N/A | 2025-03-23T11:48:48.474985 |
| mckd.edu.as19557.net | ❌ Down (Error) | None | N/A | 2025-03-23T11:48:48.475077 |
| mirt.edu.as19557.net | ❌ Down (Error) | None | N/A | 2025-03-23T11:48:48.475178 |
| mjsd.xio.itsaol.com | ❌ Down (Error) | None | N/A | 2025-03-23T11:48:48.475273 |
| nitay.edu.qpoe.com | ❌ Down (Error) | None | N/A | 2025-03-23T11:48:48.475414 |
| sctsz.zote.cloudns.org | ❌ Down (Error) | None | N/A | 2025-03-23T11:48:48.475515 |
| xjisd.educ.cloudns.biz | ❌ Down (Error) | None | N/A | 2025-03-23T11:48:48.475610 |
| wibl.zfo.dns-dynamic.net | ❌ Down (Error) | None | N/A | 2025-03-23T11:48:48.475704 |
| wzko.siv.cloudns.ph | ❌ Down (Error) | None | N/A | 2025-03-23T11:48:48.475797 |
| xswi.wwo.cloudns.nz | ❌ Down (Error) | None | N/A | 2025-03-23T11:48:48.475892 |
| zelm.vast.cloudns.ch | ❌ Down (Error) | None | N/A | 2025-03-23T11:48:48.475985 |
| kjus.xio.cloud-ip.biz | ❌ Down (Error) | None | N/A | 2025-03-23T11:48:48.476077 |
| gitxc.vip.ip-dynamic.org | ❌ Down (Error) | None | N/A | 2025-03-23T11:48:48.476170 |
| bayio.edu.dynx.me | ❌ Down (Error) | None | N/A | 2025-03-23T11:48:48.476264 |
| towa.xio.bolo.fyi | ❌ Down (Error) | None | N/A | 2025-03-23T11:48:48.476385 |
| suco.edu.ezpz.work | ❌ Down (Error) | None | N/A | 2025-03-23T11:48:48.476480 |
| wov.soho.lovedub.net | ❌ Down (Error) | None | N/A | 2025-03-23T11:48:48.476575 |
| zipn.soho.lbahq.com | ❌ Down (Error) | None | N/A | 2025-03-23T11:48:48.476670 |
| parp.xeo.dedyn.io | ❌ Down (Error) | None | N/A | 2025-03-23T11:48:48.476764 |
| agei.svip.app.tc | ❌ Down (Error) | None | N/A | 2025-03-23T11:48:48.476859 |
| baic.kuilut.tic.tc | ❌ Down (Error) | None | N/A | 2025-03-23T11:48:48.476953 |
| dziy.svip.blogu.tc | ❌ Down (Error) | None | N/A | 2025-03-23T11:48:48.477054 |
| flq.wwon.con.tc | ❌ Down (Error) | None | N/A | 2025-03-23T11:48:48.477147 |
| rowb.svip.san.tc | ❌ Down (Error) | None | N/A | 2025-03-23T11:48:48.477248 |
| itss.wxio.sitesi.tc | ❌ Down (Error) | None | N/A | 2025-03-23T11:48:48.477367 |
| sni=xn--rss272l.us.kg | ❌ Down (Error) | None | N/A | 2025-03-23T11:48:48.477463 |
| cxaz.sohoo.isgre.at | ❌ Down (Error) | None | N/A | 2025-03-23T11:48:48.477567 |
