# Website Status

Below is the latest status of monitored websites:

| URL | Status | Status Code | Response Time | Last Checked |
|-----|--------|-------------|---------------|--------------|
| https://pandora-vercel-one-nu.vercel.app | ✅ Up | 200 | 2281.81 ms | 2025-03-25T14:55:37.624252 |
| https://chat-beta-woad.vercel.app | ✅ Up | 200 | 2712.27 ms | 2025-03-25T14:55:40.336761 |
| https://chatgpt-ai-jet.vercel.app | ✅ Up | 200 | 105.04 ms | 2025-03-25T14:55:40.441993 |
| https://ai-assistant-five-theta.vercel.app | ✅ Up | 200 | 107.62 ms | 2025-03-25T14:55:40.549797 |
| http://zot.ydns.eu | ⚠️ Down (Status: 404) | 404 | 524.30 ms | 2025-03-25T14:55:41.074259 |
| http://poxy.ydns.eu | ✅ Up | 200 | 615.62 ms | 2025-03-25T14:55:41.689989 |
| http://long.ydns.eu | ⚠️ Down (Status: 404) | 404 | 497.50 ms | 2025-03-25T14:55:42.187593 |
| http://drv.ydns.eu | ✅ Up | 200 | 536.85 ms | 2025-03-25T14:55:42.724547 |
| cdue.cloudns.ch | ❌ Down (Error) | None | N/A | 2025-03-25T14:55:42.724875 |
| educ.cloudns.biz | ❌ Down (Error) | None | N/A | 2025-03-25T14:55:42.725018 |
| tau.cloudns.biz | ❌ Down (Error) | None | N/A | 2025-03-25T14:55:42.725215 |
| svip.cloudns.org | ❌ Down (Error) | None | N/A | 2025-03-25T14:55:42.725381 |
| zote.cloudns.org | ❌ Down (Error) | None | N/A | 2025-03-25T14:55:42.725525 |
| ven.cloudns.biz | ❌ Down (Error) | None | N/A | 2025-03-25T14:55:42.725633 |
| zfo.cloudns.org | ❌ Down (Error) | None | N/A | 2025-03-25T14:55:42.725749 |
| zfo.dns-dynamic.net | ❌ Down (Error) | None | N/A | 2025-03-25T14:55:42.725852 |
| diffireworks.cloudns.org | ❌ Down (Error) | None | N/A | 2025-03-25T14:55:42.725954 |
| vip.dns-dynamic.net | ❌ Down (Error) | None | N/A | 2025-03-25T14:55:42.726055 |
| dsk.cloudns.biz | ❌ Down (Error) | None | N/A | 2025-03-25T14:55:42.726185 |
| fox.dns-dynamic.net | ❌ Down (Error) | None | N/A | 2025-03-25T14:55:42.726287 |
| xiolin.dns-dynamic.net | ❌ Down (Error) | None | N/A | 2025-03-25T14:55:42.726386 |
| sac.cloudns.biz | ❌ Down (Error) | None | N/A | 2025-03-25T14:55:42.726481 |
| kaixin.cloudns.ch | ❌ Down (Error) | None | N/A | 2025-03-25T14:55:42.726582 |
| wwv.cloudns.be | ❌ Down (Error) | None | N/A | 2025-03-25T14:55:42.726679 |
| mov.cloudns.org | ❌ Down (Error) | None | N/A | 2025-03-25T14:55:42.726789 |
| pan.cloudns.org | ❌ Down (Error) | None | N/A | 2025-03-25T14:55:42.726885 |
| siv.cloudns.ph | ❌ Down (Error) | None | N/A | 2025-03-25T14:55:42.726984 |
| wwo.cloudns.nz | ❌ Down (Error) | None | N/A | 2025-03-25T14:55:42.727079 |
| std.cloudns.org | ❌ Down (Error) | None | N/A | 2025-03-25T14:55:42.727199 |
| vercel.dns-dynamic.net | ❌ Down (Error) | None | N/A | 2025-03-25T14:55:42.727296 |
| virgo.cloudns.biz | ❌ Down (Error) | None | N/A | 2025-03-25T14:55:42.727403 |
| wwo.cloudns.ch | ❌ Down (Error) | None | N/A | 2025-03-25T14:55:42.727505 |
| vx.cloudns.ch | ❌ Down (Error) | None | N/A | 2025-03-25T14:55:42.727599 |
| kenelm.cloudns.ch | ❌ Down (Error) | None | N/A | 2025-03-25T14:55:42.727693 |
| beer.dns-dynamic.net | ❌ Down (Error) | None | N/A | 2025-03-25T14:55:42.727788 |
| vast.cloudns.ch | ❌ Down (Error) | None | N/A | 2025-03-25T14:55:42.727895 |
| vice.cloudns.be | ❌ Down (Error) | None | N/A | 2025-03-25T14:55:42.727991 |
| ipen.eu.org | ❌ Down (Error) | None | N/A | 2025-03-25T14:55:42.728086 |
| kaxoi.eu.org | ❌ Down (Error) | None | N/A | 2025-03-25T14:55:42.728213 |
| kcoco.eu.org | ❌ Down (Error) | None | N/A | 2025-03-25T14:55:42.728317 |
| linqin.eu.org | ❌ Down (Error) | None | N/A | 2025-03-25T14:55:42.728413 |
| ricpig.eu.org | ❌ Down (Error) | None | N/A | 2025-03-25T14:55:42.728508 |
| skvip.eu.org | ❌ Down (Error) | None | N/A | 2025-03-25T14:55:42.728607 |
| skyle.eu.org | ❌ Down (Error) | None | N/A | 2025-03-25T14:55:42.728701 |
| suke.eu.org | ❌ Down (Error) | None | N/A | 2025-03-25T14:55:42.728794 |
| vercl.eu.org | ❌ Down (Error) | None | N/A | 2025-03-25T14:55:42.728890 |
| vipn.eu.org | ❌ Down (Error) | None | N/A | 2025-03-25T14:55:42.728984 |
| wvvp.eu.org | ❌ Down (Error) | None | N/A | 2025-03-25T14:55:42.729078 |
| ipzo.eu.org | ❌ Down (Error) | None | N/A | 2025-03-25T14:55:42.729191 |
| linqing.eu.org | ❌ Down (Error) | None | N/A | 2025-03-25T14:55:42.729293 |
| stds.eu.org | ❌ Down (Error) | None | N/A | 2025-03-25T14:55:42.729390 |
| viko.eu.org | ❌ Down (Error) | None | N/A | 2025-03-25T14:55:42.729484 |
| vipk.eu.org | ❌ Down (Error) | None | N/A | 2025-03-25T14:55:42.729580 |
| xongan.eu.org | ❌ Down (Error) | None | N/A | 2025-03-25T14:55:42.729679 |
| zosx.eu.org | ❌ Down (Error) | None | N/A | 2025-03-25T14:55:42.729775 |
| zot.dedyn.io | ❌ Down (Error) | None | N/A | 2025-03-25T14:55:42.729870 |
| xeo.dedyn.io | ❌ Down (Error) | None | N/A | 2025-03-25T14:55:42.729964 |
| std.dedyn.io | ❌ Down (Error) | None | N/A | 2025-03-25T14:55:42.730058 |
| xio.edu.publicvm.com | ❌ Down (Error) | None | N/A | 2025-03-25T14:55:42.730178 |
| xio.jxsio.v6.army | ❌ Down (Error) | None | N/A | 2025-03-25T14:55:42.730277 |
| xioo.jxios.dynv6.net | ❌ Down (Error) | None | N/A | 2025-03-25T14:55:42.730372 |
| xioo.kaxoi.eu.org | ❌ Down (Error) | None | N/A | 2025-03-25T14:55:42.730473 |
| xioo.wwo.cloudns.nz | ❌ Down (Error) | None | N/A | 2025-03-25T14:55:42.730571 |
| xio.siv.cloudns.ph | ❌ Down (Error) | None | N/A | 2025-03-25T14:55:42.730668 |
| xio.std.cloudns.ch | ❌ Down (Error) | None | N/A | 2025-03-25T14:55:42.730764 |
| xio.vip.dns-dynamic.net | ❌ Down (Error) | None | N/A | 2025-03-25T14:55:42.730859 |
| xio.zon.byinter.net | ❌ Down (Error) | None | N/A | 2025-03-25T14:55:42.731043 |
| xio.zoot.myfw.us | ❌ Down (Error) | None | N/A | 2025-03-25T14:55:42.731234 |
| xio.gzos.link | ❌ Down (Error) | None | N/A | 2025-03-25T14:55:42.731346 |
| xioo.educ.line.pm | ❌ Down (Error) | None | N/A | 2025-03-25T14:55:42.731446 |
| xio.sac.cloudns.biz | ❌ Down (Error) | None | N/A | 2025-03-25T14:55:42.731551 |
| xio.std.cloudns.org | ❌ Down (Error) | None | N/A | 2025-03-25T14:55:42.731654 |
| xio.std.kesug.com | ❌ Down (Error) | None | N/A | 2025-03-25T14:55:42.731750 |
| xio.stu.loveslife.biz | ❌ Down (Error) | None | N/A | 2025-03-25T14:55:42.731847 |
| xio.wwv.cloudns.be | ❌ Down (Error) | None | N/A | 2025-03-25T14:55:42.731949 |
| xio.xeo.dedyn.io | ❌ Down (Error) | None | N/A | 2025-03-25T14:55:42.732048 |
| xio.xiaohhh.xyz | ❌ Down (Error) | None | N/A | 2025-03-25T14:55:42.732195 |
| xio.zoten.onflashdrive.app | ❌ Down (Error) | None | N/A | 2025-03-25T14:55:42.732303 |
| xio.gzos.rr.nu | ❌ Down (Error) | None | N/A | 2025-03-25T14:55:42.732403 |
| xio.lzhoo.v6.navy | ❌ Down (Error) | None | N/A | 2025-03-25T14:55:42.732503 |
| xio.std.000.pe | ❌ Down (Error) | None | N/A | 2025-03-25T14:55:42.732604 |
| xio.wwvio.dns.army | ❌ Down (Error) | None | N/A | 2025-03-25T14:55:42.732702 |
| xio.zon.lookin.at | ❌ Down (Error) | None | N/A | 2025-03-25T14:55:42.732800 |
| xio.zon.myredirect.us | ❌ Down (Error) | None | N/A | 2025-03-25T14:55:42.732895 |
| xio.zos.22web.org | ❌ Down (Error) | None | N/A | 2025-03-25T14:55:42.732990 |
| xio.zot.rf.gd | ❌ Down (Error) | None | N/A | 2025-03-25T14:55:42.733084 |
| xio.zoxte.v6.army | ❌ Down (Error) | None | N/A | 2025-03-25T14:55:42.733201 |
| xio.zoxte.v6.rocks | ❌ Down (Error) | None | N/A | 2025-03-25T14:55:42.733296 |
| xio.soho.lovedub.net | ❌ Down (Error) | None | N/A | 2025-03-25T14:55:42.733399 |
| xio.xn--ebbpo8a.xn--y9a3aq | ❌ Down (Error) | None | N/A | 2025-03-25T14:55:42.733508 |
| xio.zoxte.dns.navy | ❌ Down (Error) | None | N/A | 2025-03-25T14:55:42.733609 |
| soho.perslist.com | ❌ Down (Error) | None | N/A | 2025-03-25T14:55:42.733703 |
| wonder.dynx.me | ❌ Down (Error) | None | N/A | 2025-03-25T14:55:42.733805 |
| edu.42web.io | ❌ Down (Error) | None | N/A | 2025-03-25T14:55:42.733900 |
| std.great-site.net | ❌ Down (Error) | None | N/A | 2025-03-25T14:55:42.733993 |
| std.kesug.com | ❌ Down (Error) | None | N/A | 2025-03-25T14:55:42.734085 |
| zoon.wuaze.com | ❌ Down (Error) | None | N/A | 2025-03-25T14:55:42.734217 |
| chatz.lovestoblog.com | ❌ Down (Error) | None | N/A | 2025-03-25T14:55:42.734318 |
| zok.free.nf | ❌ Down (Error) | None | N/A | 2025-03-25T14:55:42.734419 |
| inwen.wuaze.com | ❌ Down (Error) | None | N/A | 2025-03-25T14:55:42.734512 |
| linwen.rf.gd | ❌ Down (Error) | None | N/A | 2025-03-25T14:55:42.734605 |
| edu.lovestoblog.com | ❌ Down (Error) | None | N/A | 2025-03-25T14:55:42.734698 |
| bre.cloudns.ch | ❌ Down (Error) | None | N/A | 2025-03-25T14:55:42.734793 |
| std.000.pe | ❌ Down (Error) | None | N/A | 2025-03-25T14:55:42.734885 |
| daiwen.infinityfreeapp.com | ❌ Down (Error) | None | N/A | 2025-03-25T14:55:42.734978 |
| educ.free.nf | ❌ Down (Error) | None | N/A | 2025-03-25T14:55:42.735071 |
| miao.dns-dynamic.net | ❌ Down (Error) | None | N/A | 2025-03-25T14:55:42.735202 |
| sch.cloudns.be | ❌ Down (Error) | None | N/A | 2025-03-25T14:55:42.735301 |
| si.cloudns.be | ❌ Down (Error) | None | N/A | 2025-03-25T14:55:42.735395 |
| skyo.dns-dynamic.net | ❌ Down (Error) | None | N/A | 2025-03-25T14:55:42.735490 |
| vp.cloudns.be | ❌ Down (Error) | None | N/A | 2025-03-25T14:55:42.735584 |
| zoot.unaux.com | ❌ Down (Error) | None | N/A | 2025-03-25T14:55:42.735680 |
| www.muppets.cloudns.ch | ❌ Down (Error) | None | N/A | 2025-03-25T14:55:42.735779 |
| clo.cloudns.be | ❌ Down (Error) | None | N/A | 2025-03-25T14:55:42.735872 |
| duf.cloudns.ch | ❌ Down (Error) | None | N/A | 2025-03-25T14:55:42.735965 |
| lzi.cloudns.ch | ❌ Down (Error) | None | N/A | 2025-03-25T14:55:42.736058 |
| muppets.cloudns.ch | ❌ Down (Error) | None | N/A | 2025-03-25T14:55:42.736207 |
| sen.cloudns.be | ❌ Down (Error) | None | N/A | 2025-03-25T14:55:42.736314 |
| uto.cloudns.ch | ❌ Down (Error) | None | N/A | 2025-03-25T14:55:42.736409 |
| vp.dns-dynamic.net | ❌ Down (Error) | None | N/A | 2025-03-25T14:55:42.736502 |
| edu.tkpk.cc | ❌ Down (Error) | None | N/A | 2025-03-25T14:55:42.736596 |
| edu.ezpz.work | ❌ Down (Error) | None | N/A | 2025-03-25T14:55:42.736696 |
| woshiwoyansebuya.cloudns.be | ❌ Down (Error) | None | N/A | 2025-03-25T14:55:42.736794 |
| shisi.dns-dynamic.net | ❌ Down (Error) | None | N/A | 2025-03-25T14:55:42.736896 |
| www.xiaomaomi.dns-dynamic.net | ❌ Down (Error) | None | N/A | 2025-03-25T14:55:42.736991 |
| www.yiluhuohuadaishadian.dns-dynamic.net | ❌ Down (Error) | None | N/A | 2025-03-25T14:55:42.737089 |
| www.liniang.cloudns.be | ❌ Down (Error) | None | N/A | 2025-03-25T14:55:42.737295 |
| cdy52.pages.dev | ❌ Down (Error) | None | N/A | 2025-03-25T14:55:42.737424 |
| xio.live-on.net | ❌ Down (Error) | None | N/A | 2025-03-25T14:55:42.737523 |
| xio.mydns.tw | ❌ Down (Error) | None | N/A | 2025-03-25T14:55:42.737629 |
| xio.keyword-on.net | ❌ Down (Error) | None | N/A | 2025-03-25T14:55:42.737723 |
| xio.wjg.jp | ❌ Down (Error) | None | N/A | 2025-03-25T14:55:42.737815 |
| woxy.xio.keyword-on.net | ❌ Down (Error) | None | N/A | 2025-03-25T14:55:42.737908 |
| stdu.nyc.mn | ❌ Down (Error) | None | N/A | 2025-03-25T14:55:42.738000 |
| mokin.nyc.mn | ❌ Down (Error) | None | N/A | 2025-03-25T14:55:42.738093 |
| jxio.nyc.mn | ❌ Down (Error) | None | N/A | 2025-03-25T14:55:42.738230 |
| veco.nyc.mn | ❌ Down (Error) | None | N/A | 2025-03-25T14:55:42.738329 |
| zoot.nyc.mn | ❌ Down (Error) | None | N/A | 2025-03-25T14:55:42.738424 |
| xisu.nyc.mn | ❌ Down (Error) | None | N/A | 2025-03-25T14:55:42.738516 |
| odbar.stdu.nyc.mn | ❌ Down (Error) | None | N/A | 2025-03-25T14:55:42.738615 |
| res.zoot.nyc.mn | ❌ Down (Error) | None | N/A | 2025-03-25T14:55:42.738709 |
| age.xisu.nyc.mn | ❌ Down (Error) | None | N/A | 2025-03-25T14:55:42.738806 |
| eolin.avisa.dedyn.io | ❌ Down (Error) | None | N/A | 2025-03-25T14:55:42.738902 |
| zoot.serv00.net | ❌ Down (Error) | None | N/A | 2025-03-25T14:55:42.738996 |
| gzols.serv00.net | ❌ Down (Error) | None | N/A | 2025-03-25T14:55:42.739090 |
| zko.xio.live-on.net | ❌ Down (Error) | None | N/A | 2025-03-25T14:55:42.739219 |
| zkc.xio.live-on.net | ❌ Down (Error) | None | N/A | 2025-03-25T14:55:42.739317 |
| voxy.xio.gleeze.com | ❌ Down (Error) | None | N/A | 2025-03-25T14:55:42.739410 |
| mo.stdu.3d.tc | ❌ Down (Error) | None | N/A | 2025-03-25T14:55:42.739503 |
| wxi.jxs.byinter.net | ❌ Down (Error) | None | N/A | 2025-03-25T14:55:42.739597 |
| xoy.zhozo.cloudns.ch | ❌ Down (Error) | None | N/A | 2025-03-25T14:55:42.739690 |
| wxio.edu.x24hr.com | ❌ Down (Error) | None | N/A | 2025-03-25T14:55:42.739783 |
| wxi-8k0.edu.x24hr.com | ❌ Down (Error) | None | N/A | 2025-03-25T14:55:42.739876 |
| wxi-yqc.edu.x24hr.com | ❌ Down (Error) | None | N/A | 2025-03-25T14:55:42.739975 |
| lon.lxuei.cloudns.be | ❌ Down (Error) | None | N/A | 2025-03-25T14:55:42.740075 |
| www.woloveyangqin.dns-dynamic.net | ❌ Down (Error) | None | N/A | 2025-03-25T14:55:42.740205 |
| www.vast.cloudns.ch | ❌ Down (Error) | None | N/A | 2025-03-25T14:55:42.740306 |
| www.visa.com.sg | ❌ Down (Error) | None | N/A | 2025-03-25T14:55:42.740401 |
| dxzk.jxsoc.cc.ua | ❌ Down (Error) | None | N/A | 2025-03-25T14:55:42.740497 |
| xfus.educ.cloudns.biz | ❌ Down (Error) | None | N/A | 2025-03-25T14:55:42.740599 |
| wxi-tns.edu.x24hr.com | ❌ Down (Error) | None | N/A | 2025-03-25T14:55:42.740696 |
| wxi-38a.edu.x24hr.com | ❌ Down (Error) | None | N/A | 2025-03-25T14:55:42.740790 |
| wxi-8fm.xio.longmusic.com | ❌ Down (Error) | None | N/A | 2025-03-25T14:55:42.740885 |
| xinxin-d4h.xio.longmusic.com | ❌ Down (Error) | None | N/A | 2025-03-25T14:55:42.740987 |
| www.cdue.cloudns.ch | ❌ Down (Error) | None | N/A | 2025-03-25T14:55:42.741084 |
| www.zto.cloudns.ch | ❌ Down (Error) | None | N/A | 2025-03-25T14:55:42.741206 |
| wxio.xio.zyns.com | ❌ Down (Error) | None | N/A | 2025-03-25T14:55:42.741304 |
| www.kaxin.cloudns.ch | ❌ Down (Error) | None | N/A | 2025-03-25T14:55:42.741398 |
| www.kenelm.cloudns.ch | ❌ Down (Error) | None | N/A | 2025-03-25T14:55:42.741491 |
| uedi.xio.zyns.com | ❌ Down (Error) | None | N/A | 2025-03-25T14:55:42.741586 |
| wxi.xio.zyns.com | ❌ Down (Error) | None | N/A | 2025-03-25T14:55:42.741681 |
| iufeu.xio.dynamic-dns.net | ❌ Down (Error) | None | N/A | 2025-03-25T14:55:42.741776 |
| www.bre.cloudns.ch | ❌ Down (Error) | None | N/A | 2025-03-25T14:55:42.741870 |
| iorfuy.xio.dynamic-dns.net | ❌ Down (Error) | None | N/A | 2025-03-25T14:55:42.741971 |
| www.diffireworks.cloudns.org | ❌ Down (Error) | None | N/A | 2025-03-25T14:55:42.742070 |
| gedu.xio.zzux.com | ❌ Down (Error) | None | N/A | 2025-03-25T14:55:42.742190 |
| owire.xio.zzux.com | ❌ Down (Error) | None | N/A | 2025-03-25T14:55:42.742288 |
| ie23.xio.zzux.com | ❌ Down (Error) | None | N/A | 2025-03-25T14:55:42.742383 |
| ewfhho.xio.zzux.com | ❌ Down (Error) | None | N/A | 2025-03-25T14:55:42.742475 |
| ofoi.xio.longmusic.com | ❌ Down (Error) | None | N/A | 2025-03-25T14:55:42.742573 |
| dbng.xio.longmusic.com | ❌ Down (Error) | None | N/A | 2025-03-25T14:55:42.742674 |
| iuwe.zote.rr.nu | ❌ Down (Error) | None | N/A | 2025-03-25T14:55:42.742769 |
| www.ven.cloudns.biz | ❌ Down (Error) | None | N/A | 2025-03-25T14:55:42.742863 |
| iuwe.stdue.dynv6.net | ❌ Down (Error) | None | N/A | 2025-03-25T14:55:42.742961 |
| xio.won.cc.ua | ❌ Down (Error) | None | N/A | 2025-03-25T14:55:42.743056 |
| cdy.jxs.dix.asia | ❌ Down (Error) | None | N/A | 2025-03-25T14:55:42.743269 |
| djgj.xio.mydns.tw | ❌ Down (Error) | None | N/A | 2025-03-25T14:55:42.743408 |
| ekq.xio.keyword-on.net | ❌ Down (Error) | None | N/A | 2025-03-25T14:55:42.743515 |
| i8xx.xio.wjg.jp | ❌ Down (Error) | None | N/A | 2025-03-25T14:55:42.743618 |
| rsboat.wox.us.kg | ❌ Down (Error) | None | N/A | 2025-03-25T14:55:42.743716 |
| gqhuo.jxios.dynv6.net | ❌ Down (Error) | None | N/A | 2025-03-25T14:55:42.743813 |
| kzze.lzhoo.v6.navy | ❌ Down (Error) | None | N/A | 2025-03-25T14:55:42.743908 |
| woxy.limkco.evai.pl | ❌ Down (Error) | None | N/A | 2025-03-25T14:55:42.744004 |
| pxyu.sohoo.v6.army | ❌ Down (Error) | None | N/A | 2025-03-25T14:55:42.744098 |
| zerd.sohoo.dns.navy | ❌ Down (Error) | None | N/A | 2025-03-25T14:55:42.744237 |
| zxi.sohoo.v6.navy | ❌ Down (Error) | None | N/A | 2025-03-25T14:55:42.744334 |
| kosti.xio.dynamic-dns.net | ❌ Down (Error) | None | N/A | 2025-03-25T14:55:42.744427 |
| mckd.edu.as19557.net | ❌ Down (Error) | None | N/A | 2025-03-25T14:55:42.744521 |
| mirt.edu.as19557.net | ❌ Down (Error) | None | N/A | 2025-03-25T14:55:42.744621 |
| mjsd.xio.itsaol.com | ❌ Down (Error) | None | N/A | 2025-03-25T14:55:42.744716 |
| nitay.edu.qpoe.com | ❌ Down (Error) | None | N/A | 2025-03-25T14:55:42.744810 |
| sctsz.zote.cloudns.org | ❌ Down (Error) | None | N/A | 2025-03-25T14:55:42.744913 |
| xjisd.educ.cloudns.biz | ❌ Down (Error) | None | N/A | 2025-03-25T14:55:42.745010 |
| wibl.zfo.dns-dynamic.net | ❌ Down (Error) | None | N/A | 2025-03-25T14:55:42.745105 |
| wzko.siv.cloudns.ph | ❌ Down (Error) | None | N/A | 2025-03-25T14:55:42.745235 |
| xswi.wwo.cloudns.nz | ❌ Down (Error) | None | N/A | 2025-03-25T14:55:42.745331 |
| zelm.vast.cloudns.ch | ❌ Down (Error) | None | N/A | 2025-03-25T14:55:42.745425 |
| kjus.xio.cloud-ip.biz | ❌ Down (Error) | None | N/A | 2025-03-25T14:55:42.745520 |
| gitxc.vip.ip-dynamic.org | ❌ Down (Error) | None | N/A | 2025-03-25T14:55:42.745615 |
| bayio.edu.dynx.me | ❌ Down (Error) | None | N/A | 2025-03-25T14:55:42.745709 |
| towa.xio.bolo.fyi | ❌ Down (Error) | None | N/A | 2025-03-25T14:55:42.745802 |
| suco.edu.ezpz.work | ❌ Down (Error) | None | N/A | 2025-03-25T14:55:42.745895 |
| wov.soho.lovedub.net | ❌ Down (Error) | None | N/A | 2025-03-25T14:55:42.745989 |
| zipn.soho.lbahq.com | ❌ Down (Error) | None | N/A | 2025-03-25T14:55:42.746082 |
| parp.xeo.dedyn.io | ❌ Down (Error) | None | N/A | 2025-03-25T14:55:42.746196 |
| agei.svip.app.tc | ❌ Down (Error) | None | N/A | 2025-03-25T14:55:42.746291 |
| baic.kuilut.tic.tc | ❌ Down (Error) | None | N/A | 2025-03-25T14:55:42.746384 |
| dziy.svip.blogu.tc | ❌ Down (Error) | None | N/A | 2025-03-25T14:55:42.746485 |
| flq.wwon.con.tc | ❌ Down (Error) | None | N/A | 2025-03-25T14:55:42.746579 |
| rowb.svip.san.tc | ❌ Down (Error) | None | N/A | 2025-03-25T14:55:42.746675 |
| itss.wxio.sitesi.tc | ❌ Down (Error) | None | N/A | 2025-03-25T14:55:42.746769 |
| sni=xn--rss272l.us.kg | ❌ Down (Error) | None | N/A | 2025-03-25T14:55:42.746864 |
| cxaz.sohoo.isgre.at | ❌ Down (Error) | None | N/A | 2025-03-25T14:55:42.746961 |
