# Website Status

Below is the latest status of monitored websites:

| URL | Status | Status Code | Response Time | Last Checked |
|-----|--------|-------------|---------------|--------------|
| https://pandora-vercel-one-nu.vercel.app | ✅ Up | 200 | 2131.35 ms | 2025-03-29T15:55:38.565466 |
| https://chat-beta-woad.vercel.app | ✅ Up | 200 | 2066.78 ms | 2025-03-29T15:55:40.632446 |
| https://chatgpt-ai-jet.vercel.app | ✅ Up | 200 | 54.62 ms | 2025-03-29T15:55:40.687250 |
| https://ai-assistant-five-theta.vercel.app | ✅ Up | 200 | 95.52 ms | 2025-03-29T15:55:40.782888 |
| http://zot.ydns.eu | ⚠️ Down (Status: 404) | 404 | 493.45 ms | 2025-03-29T15:55:41.276454 |
| http://poxy.ydns.eu | ✅ Up | 200 | 463.34 ms | 2025-03-29T15:55:41.739916 |
| http://long.ydns.eu | ⚠️ Down (Status: 404) | 404 | 563.90 ms | 2025-03-29T15:55:42.303949 |
| http://drv.ydns.eu | ✅ Up | 200 | 418.86 ms | 2025-03-29T15:55:42.722927 |
| cdue.cloudns.ch | ❌ Down (Error) | None | N/A | 2025-03-29T15:55:42.723349 |
| educ.cloudns.biz | ❌ Down (Error) | None | N/A | 2025-03-29T15:55:42.723578 |
| tau.cloudns.biz | ❌ Down (Error) | None | N/A | 2025-03-29T15:55:42.723758 |
| svip.cloudns.org | ❌ Down (Error) | None | N/A | 2025-03-29T15:55:42.723917 |
| zote.cloudns.org | ❌ Down (Error) | None | N/A | 2025-03-29T15:55:42.724104 |
| ven.cloudns.biz | ❌ Down (Error) | None | N/A | 2025-03-29T15:55:42.724243 |
| zfo.cloudns.org | ❌ Down (Error) | None | N/A | 2025-03-29T15:55:42.724355 |
| zfo.dns-dynamic.net | ❌ Down (Error) | None | N/A | 2025-03-29T15:55:42.724457 |
| diffireworks.cloudns.org | ❌ Down (Error) | None | N/A | 2025-03-29T15:55:42.724556 |
| vip.dns-dynamic.net | ❌ Down (Error) | None | N/A | 2025-03-29T15:55:42.724670 |
| dsk.cloudns.biz | ❌ Down (Error) | None | N/A | 2025-03-29T15:55:42.724768 |
| fox.dns-dynamic.net | ❌ Down (Error) | None | N/A | 2025-03-29T15:55:42.724865 |
| xiolin.dns-dynamic.net | ❌ Down (Error) | None | N/A | 2025-03-29T15:55:42.724969 |
| sac.cloudns.biz | ❌ Down (Error) | None | N/A | 2025-03-29T15:55:42.725096 |
| kaixin.cloudns.ch | ❌ Down (Error) | None | N/A | 2025-03-29T15:55:42.725193 |
| wwv.cloudns.be | ❌ Down (Error) | None | N/A | 2025-03-29T15:55:42.725286 |
| mov.cloudns.org | ❌ Down (Error) | None | N/A | 2025-03-29T15:55:42.725379 |
| pan.cloudns.org | ❌ Down (Error) | None | N/A | 2025-03-29T15:55:42.725471 |
| siv.cloudns.ph | ❌ Down (Error) | None | N/A | 2025-03-29T15:55:42.725565 |
| wwo.cloudns.nz | ❌ Down (Error) | None | N/A | 2025-03-29T15:55:42.725659 |
| std.cloudns.org | ❌ Down (Error) | None | N/A | 2025-03-29T15:55:42.725752 |
| vercel.dns-dynamic.net | ❌ Down (Error) | None | N/A | 2025-03-29T15:55:42.725846 |
| virgo.cloudns.biz | ❌ Down (Error) | None | N/A | 2025-03-29T15:55:42.725953 |
| wwo.cloudns.ch | ❌ Down (Error) | None | N/A | 2025-03-29T15:55:42.726068 |
| vx.cloudns.ch | ❌ Down (Error) | None | N/A | 2025-03-29T15:55:42.726166 |
| kenelm.cloudns.ch | ❌ Down (Error) | None | N/A | 2025-03-29T15:55:42.726262 |
| beer.dns-dynamic.net | ❌ Down (Error) | None | N/A | 2025-03-29T15:55:42.726406 |
| vast.cloudns.ch | ❌ Down (Error) | None | N/A | 2025-03-29T15:55:42.726532 |
| vice.cloudns.be | ❌ Down (Error) | None | N/A | 2025-03-29T15:55:42.726631 |
| ipen.eu.org | ❌ Down (Error) | None | N/A | 2025-03-29T15:55:42.726725 |
| kaxoi.eu.org | ❌ Down (Error) | None | N/A | 2025-03-29T15:55:42.726828 |
| kcoco.eu.org | ❌ Down (Error) | None | N/A | 2025-03-29T15:55:42.726924 |
| linqin.eu.org | ❌ Down (Error) | None | N/A | 2025-03-29T15:55:42.727040 |
| ricpig.eu.org | ❌ Down (Error) | None | N/A | 2025-03-29T15:55:42.727147 |
| skvip.eu.org | ❌ Down (Error) | None | N/A | 2025-03-29T15:55:42.727240 |
| skyle.eu.org | ❌ Down (Error) | None | N/A | 2025-03-29T15:55:42.727332 |
| suke.eu.org | ❌ Down (Error) | None | N/A | 2025-03-29T15:55:42.727425 |
| vercl.eu.org | ❌ Down (Error) | None | N/A | 2025-03-29T15:55:42.727518 |
| vipn.eu.org | ❌ Down (Error) | None | N/A | 2025-03-29T15:55:42.727612 |
| wvvp.eu.org | ❌ Down (Error) | None | N/A | 2025-03-29T15:55:42.727705 |
| ipzo.eu.org | ❌ Down (Error) | None | N/A | 2025-03-29T15:55:42.727807 |
| linqing.eu.org | ❌ Down (Error) | None | N/A | 2025-03-29T15:55:42.727905 |
| stds.eu.org | ❌ Down (Error) | None | N/A | 2025-03-29T15:55:42.728019 |
| viko.eu.org | ❌ Down (Error) | None | N/A | 2025-03-29T15:55:42.728120 |
| vipk.eu.org | ❌ Down (Error) | None | N/A | 2025-03-29T15:55:42.728213 |
| xongan.eu.org | ❌ Down (Error) | None | N/A | 2025-03-29T15:55:42.728309 |
| zosx.eu.org | ❌ Down (Error) | None | N/A | 2025-03-29T15:55:42.728404 |
| zot.dedyn.io | ❌ Down (Error) | None | N/A | 2025-03-29T15:55:42.728496 |
| xeo.dedyn.io | ❌ Down (Error) | None | N/A | 2025-03-29T15:55:42.728587 |
| std.dedyn.io | ❌ Down (Error) | None | N/A | 2025-03-29T15:55:42.728681 |
| xio.edu.publicvm.com | ❌ Down (Error) | None | N/A | 2025-03-29T15:55:42.728775 |
| xio.jxsio.v6.army | ❌ Down (Error) | None | N/A | 2025-03-29T15:55:42.728875 |
| xioo.jxios.dynv6.net | ❌ Down (Error) | None | N/A | 2025-03-29T15:55:42.728970 |
| xioo.kaxoi.eu.org | ❌ Down (Error) | None | N/A | 2025-03-29T15:55:42.729085 |
| xioo.wwo.cloudns.nz | ❌ Down (Error) | None | N/A | 2025-03-29T15:55:42.729180 |
| xio.siv.cloudns.ph | ❌ Down (Error) | None | N/A | 2025-03-29T15:55:42.729274 |
| xio.std.cloudns.ch | ❌ Down (Error) | None | N/A | 2025-03-29T15:55:42.729368 |
| xio.vip.dns-dynamic.net | ❌ Down (Error) | None | N/A | 2025-03-29T15:55:42.729462 |
| xio.zon.byinter.net | ❌ Down (Error) | None | N/A | 2025-03-29T15:55:42.729555 |
| xio.zoot.myfw.us | ❌ Down (Error) | None | N/A | 2025-03-29T15:55:42.729713 |
| xio.gzos.link | ❌ Down (Error) | None | N/A | 2025-03-29T15:55:42.729873 |
| xioo.educ.line.pm | ❌ Down (Error) | None | N/A | 2025-03-29T15:55:42.730047 |
| xio.sac.cloudns.biz | ❌ Down (Error) | None | N/A | 2025-03-29T15:55:42.730203 |
| xio.std.cloudns.org | ❌ Down (Error) | None | N/A | 2025-03-29T15:55:42.730361 |
| xio.std.kesug.com | ❌ Down (Error) | None | N/A | 2025-03-29T15:55:42.730512 |
| xio.stu.loveslife.biz | ❌ Down (Error) | None | N/A | 2025-03-29T15:55:42.730660 |
| xio.wwv.cloudns.be | ❌ Down (Error) | None | N/A | 2025-03-29T15:55:42.730800 |
| xio.xeo.dedyn.io | ❌ Down (Error) | None | N/A | 2025-03-29T15:55:42.730940 |
| xio.xiaohhh.xyz | ❌ Down (Error) | None | N/A | 2025-03-29T15:55:42.731108 |
| xio.zoten.onflashdrive.app | ❌ Down (Error) | None | N/A | 2025-03-29T15:55:42.731252 |
| xio.gzos.rr.nu | ❌ Down (Error) | None | N/A | 2025-03-29T15:55:42.731392 |
| xio.lzhoo.v6.navy | ❌ Down (Error) | None | N/A | 2025-03-29T15:55:42.731533 |
| xio.std.000.pe | ❌ Down (Error) | None | N/A | 2025-03-29T15:55:42.731672 |
| xio.wwvio.dns.army | ❌ Down (Error) | None | N/A | 2025-03-29T15:55:42.731821 |
| xio.zon.lookin.at | ❌ Down (Error) | None | N/A | 2025-03-29T15:55:42.731960 |
| xio.zon.myredirect.us | ❌ Down (Error) | None | N/A | 2025-03-29T15:55:42.732132 |
| xio.zos.22web.org | ❌ Down (Error) | None | N/A | 2025-03-29T15:55:42.732278 |
| xio.zot.rf.gd | ❌ Down (Error) | None | N/A | 2025-03-29T15:55:42.732416 |
| xio.zoxte.v6.army | ❌ Down (Error) | None | N/A | 2025-03-29T15:55:42.732564 |
| xio.zoxte.v6.rocks | ❌ Down (Error) | None | N/A | 2025-03-29T15:55:42.732709 |
| xio.soho.lovedub.net | ❌ Down (Error) | None | N/A | 2025-03-29T15:55:42.732852 |
| xio.xn--ebbpo8a.xn--y9a3aq | ❌ Down (Error) | None | N/A | 2025-03-29T15:55:42.732992 |
| xio.zoxte.dns.navy | ❌ Down (Error) | None | N/A | 2025-03-29T15:55:42.733157 |
| soho.perslist.com | ❌ Down (Error) | None | N/A | 2025-03-29T15:55:42.733294 |
| wonder.dynx.me | ❌ Down (Error) | None | N/A | 2025-03-29T15:55:42.733432 |
| edu.42web.io | ❌ Down (Error) | None | N/A | 2025-03-29T15:55:42.733579 |
| std.great-site.net | ❌ Down (Error) | None | N/A | 2025-03-29T15:55:42.733719 |
| std.kesug.com | ❌ Down (Error) | None | N/A | 2025-03-29T15:55:42.733856 |
| zoon.wuaze.com | ❌ Down (Error) | None | N/A | 2025-03-29T15:55:42.734018 |
| chatz.lovestoblog.com | ❌ Down (Error) | None | N/A | 2025-03-29T15:55:42.734164 |
| zok.free.nf | ❌ Down (Error) | None | N/A | 2025-03-29T15:55:42.734301 |
| inwen.wuaze.com | ❌ Down (Error) | None | N/A | 2025-03-29T15:55:42.734440 |
| linwen.rf.gd | ❌ Down (Error) | None | N/A | 2025-03-29T15:55:42.734579 |
| edu.lovestoblog.com | ❌ Down (Error) | None | N/A | 2025-03-29T15:55:42.734716 |
| bre.cloudns.ch | ❌ Down (Error) | None | N/A | 2025-03-29T15:55:42.734854 |
| std.000.pe | ❌ Down (Error) | None | N/A | 2025-03-29T15:55:42.734992 |
| daiwen.infinityfreeapp.com | ❌ Down (Error) | None | N/A | 2025-03-29T15:55:42.735174 |
| educ.free.nf | ❌ Down (Error) | None | N/A | 2025-03-29T15:55:42.735318 |
| miao.dns-dynamic.net | ❌ Down (Error) | None | N/A | 2025-03-29T15:55:42.735456 |
| sch.cloudns.be | ❌ Down (Error) | None | N/A | 2025-03-29T15:55:42.735593 |
| si.cloudns.be | ❌ Down (Error) | None | N/A | 2025-03-29T15:55:42.735732 |
| skyo.dns-dynamic.net | ❌ Down (Error) | None | N/A | 2025-03-29T15:55:42.735881 |
| vp.cloudns.be | ❌ Down (Error) | None | N/A | 2025-03-29T15:55:42.736040 |
| zoot.unaux.com | ❌ Down (Error) | None | N/A | 2025-03-29T15:55:42.736182 |
| www.muppets.cloudns.ch | ❌ Down (Error) | None | N/A | 2025-03-29T15:55:42.736326 |
| clo.cloudns.be | ❌ Down (Error) | None | N/A | 2025-03-29T15:55:42.736470 |
| duf.cloudns.ch | ❌ Down (Error) | None | N/A | 2025-03-29T15:55:42.736606 |
| lzi.cloudns.ch | ❌ Down (Error) | None | N/A | 2025-03-29T15:55:42.736752 |
| muppets.cloudns.ch | ❌ Down (Error) | None | N/A | 2025-03-29T15:55:42.736897 |
| sen.cloudns.be | ❌ Down (Error) | None | N/A | 2025-03-29T15:55:42.737058 |
| uto.cloudns.ch | ❌ Down (Error) | None | N/A | 2025-03-29T15:55:42.737199 |
| vp.dns-dynamic.net | ❌ Down (Error) | None | N/A | 2025-03-29T15:55:42.737338 |
| edu.tkpk.cc | ❌ Down (Error) | None | N/A | 2025-03-29T15:55:42.737474 |
| edu.ezpz.work | ❌ Down (Error) | None | N/A | 2025-03-29T15:55:42.737612 |
| woshiwoyansebuya.cloudns.be | ❌ Down (Error) | None | N/A | 2025-03-29T15:55:42.737764 |
| shisi.dns-dynamic.net | ❌ Down (Error) | None | N/A | 2025-03-29T15:55:42.737907 |
| www.xiaomaomi.dns-dynamic.net | ❌ Down (Error) | None | N/A | 2025-03-29T15:55:42.738073 |
| www.yiluhuohuadaishadian.dns-dynamic.net | ❌ Down (Error) | None | N/A | 2025-03-29T15:55:42.738218 |
| www.liniang.cloudns.be | ❌ Down (Error) | None | N/A | 2025-03-29T15:55:42.738358 |
| cdy52.pages.dev | ❌ Down (Error) | None | N/A | 2025-03-29T15:55:42.738523 |
| xio.live-on.net | ❌ Down (Error) | None | N/A | 2025-03-29T15:55:42.738665 |
| xio.mydns.tw | ❌ Down (Error) | None | N/A | 2025-03-29T15:55:42.738804 |
| xio.keyword-on.net | ❌ Down (Error) | None | N/A | 2025-03-29T15:55:42.738941 |
| xio.wjg.jp | ❌ Down (Error) | None | N/A | 2025-03-29T15:55:42.739102 |
| woxy.xio.keyword-on.net | ❌ Down (Error) | None | N/A | 2025-03-29T15:55:42.739247 |
| stdu.nyc.mn | ❌ Down (Error) | None | N/A | 2025-03-29T15:55:42.739387 |
| mokin.nyc.mn | ❌ Down (Error) | None | N/A | 2025-03-29T15:55:42.739524 |
| jxio.nyc.mn | ❌ Down (Error) | None | N/A | 2025-03-29T15:55:42.739658 |
| veco.nyc.mn | ❌ Down (Error) | None | N/A | 2025-03-29T15:55:42.739793 |
| zoot.nyc.mn | ❌ Down (Error) | None | N/A | 2025-03-29T15:55:42.739936 |
| xisu.nyc.mn | ❌ Down (Error) | None | N/A | 2025-03-29T15:55:42.740098 |
| odbar.stdu.nyc.mn | ❌ Down (Error) | None | N/A | 2025-03-29T15:55:42.740241 |
| res.zoot.nyc.mn | ❌ Down (Error) | None | N/A | 2025-03-29T15:55:42.740385 |
| age.xisu.nyc.mn | ❌ Down (Error) | None | N/A | 2025-03-29T15:55:42.740530 |
| eolin.avisa.dedyn.io | ❌ Down (Error) | None | N/A | 2025-03-29T15:55:42.740679 |
| zoot.serv00.net | ❌ Down (Error) | None | N/A | 2025-03-29T15:55:42.740818 |
| gzols.serv00.net | ❌ Down (Error) | None | N/A | 2025-03-29T15:55:42.740961 |
| zko.xio.live-on.net | ❌ Down (Error) | None | N/A | 2025-03-29T15:55:42.741125 |
| zkc.xio.live-on.net | ❌ Down (Error) | None | N/A | 2025-03-29T15:55:42.741262 |
| voxy.xio.gleeze.com | ❌ Down (Error) | None | N/A | 2025-03-29T15:55:42.741397 |
| mo.stdu.3d.tc | ❌ Down (Error) | None | N/A | 2025-03-29T15:55:42.741530 |
| wxi.jxs.byinter.net | ❌ Down (Error) | None | N/A | 2025-03-29T15:55:42.741667 |
| xoy.zhozo.cloudns.ch | ❌ Down (Error) | None | N/A | 2025-03-29T15:55:42.741811 |
| wxio.edu.x24hr.com | ❌ Down (Error) | None | N/A | 2025-03-29T15:55:42.741949 |
| wxi-8k0.edu.x24hr.com | ❌ Down (Error) | None | N/A | 2025-03-29T15:55:42.742107 |
| wxi-yqc.edu.x24hr.com | ❌ Down (Error) | None | N/A | 2025-03-29T15:55:42.742245 |
| lon.lxuei.cloudns.be | ❌ Down (Error) | None | N/A | 2025-03-29T15:55:42.742384 |
| www.woloveyangqin.dns-dynamic.net | ❌ Down (Error) | None | N/A | 2025-03-29T15:55:42.742522 |
| www.vast.cloudns.ch | ❌ Down (Error) | None | N/A | 2025-03-29T15:55:42.742660 |
| www.visa.com.sg | ❌ Down (Error) | None | N/A | 2025-03-29T15:55:42.742805 |
| dxzk.jxsoc.cc.ua | ❌ Down (Error) | None | N/A | 2025-03-29T15:55:42.742946 |
| xfus.educ.cloudns.biz | ❌ Down (Error) | None | N/A | 2025-03-29T15:55:42.743118 |
| wxi-tns.edu.x24hr.com | ❌ Down (Error) | None | N/A | 2025-03-29T15:55:42.743256 |
| wxi-38a.edu.x24hr.com | ❌ Down (Error) | None | N/A | 2025-03-29T15:55:42.743392 |
| wxi-8fm.xio.longmusic.com | ❌ Down (Error) | None | N/A | 2025-03-29T15:55:42.743529 |
| xinxin-d4h.xio.longmusic.com | ❌ Down (Error) | None | N/A | 2025-03-29T15:55:42.743667 |
| www.cdue.cloudns.ch | ❌ Down (Error) | None | N/A | 2025-03-29T15:55:42.743811 |
| www.zto.cloudns.ch | ❌ Down (Error) | None | N/A | 2025-03-29T15:55:42.743952 |
| wxio.xio.zyns.com | ❌ Down (Error) | None | N/A | 2025-03-29T15:55:42.744117 |
| www.kaxin.cloudns.ch | ❌ Down (Error) | None | N/A | 2025-03-29T15:55:42.744257 |
| www.kenelm.cloudns.ch | ❌ Down (Error) | None | N/A | 2025-03-29T15:55:42.744394 |
| uedi.xio.zyns.com | ❌ Down (Error) | None | N/A | 2025-03-29T15:55:42.744531 |
| wxi.xio.zyns.com | ❌ Down (Error) | None | N/A | 2025-03-29T15:55:42.744667 |
| iufeu.xio.dynamic-dns.net | ❌ Down (Error) | None | N/A | 2025-03-29T15:55:42.744814 |
| www.bre.cloudns.ch | ❌ Down (Error) | None | N/A | 2025-03-29T15:55:42.744955 |
| iorfuy.xio.dynamic-dns.net | ❌ Down (Error) | None | N/A | 2025-03-29T15:55:42.745129 |
| www.diffireworks.cloudns.org | ❌ Down (Error) | None | N/A | 2025-03-29T15:55:42.745288 |
| gedu.xio.zzux.com | ❌ Down (Error) | None | N/A | 2025-03-29T15:55:42.745430 |
| owire.xio.zzux.com | ❌ Down (Error) | None | N/A | 2025-03-29T15:55:42.745569 |
| ie23.xio.zzux.com | ❌ Down (Error) | None | N/A | 2025-03-29T15:55:42.745708 |
| ewfhho.xio.zzux.com | ❌ Down (Error) | None | N/A | 2025-03-29T15:55:42.745847 |
| ofoi.xio.longmusic.com | ❌ Down (Error) | None | N/A | 2025-03-29T15:55:42.745986 |
| dbng.xio.longmusic.com | ❌ Down (Error) | None | N/A | 2025-03-29T15:55:42.746156 |
| iuwe.zote.rr.nu | ❌ Down (Error) | None | N/A | 2025-03-29T15:55:42.746298 |
| www.ven.cloudns.biz | ❌ Down (Error) | None | N/A | 2025-03-29T15:55:42.746436 |
| iuwe.stdue.dynv6.net | ❌ Down (Error) | None | N/A | 2025-03-29T15:55:42.746581 |
| xio.won.cc.ua | ❌ Down (Error) | None | N/A | 2025-03-29T15:55:42.746718 |
| cdy.jxs.dix.asia | ❌ Down (Error) | None | N/A | 2025-03-29T15:55:42.746856 |
| djgj.xio.mydns.tw | ❌ Down (Error) | None | N/A | 2025-03-29T15:55:42.747042 |
| ekq.xio.keyword-on.net | ❌ Down (Error) | None | N/A | 2025-03-29T15:55:42.747187 |
| i8xx.xio.wjg.jp | ❌ Down (Error) | None | N/A | 2025-03-29T15:55:42.747327 |
| rsboat.wox.us.kg | ❌ Down (Error) | None | N/A | 2025-03-29T15:55:42.747467 |
| gqhuo.jxios.dynv6.net | ❌ Down (Error) | None | N/A | 2025-03-29T15:55:42.747603 |
| kzze.lzhoo.v6.navy | ❌ Down (Error) | None | N/A | 2025-03-29T15:55:42.747740 |
| woxy.limkco.evai.pl | ❌ Down (Error) | None | N/A | 2025-03-29T15:55:42.747877 |
| pxyu.sohoo.v6.army | ❌ Down (Error) | None | N/A | 2025-03-29T15:55:42.748039 |
| zerd.sohoo.dns.navy | ❌ Down (Error) | None | N/A | 2025-03-29T15:55:42.748183 |
| zxi.sohoo.v6.navy | ❌ Down (Error) | None | N/A | 2025-03-29T15:55:42.748320 |
| kosti.xio.dynamic-dns.net | ❌ Down (Error) | None | N/A | 2025-03-29T15:55:42.748466 |
| mckd.edu.as19557.net | ❌ Down (Error) | None | N/A | 2025-03-29T15:55:42.748604 |
| mirt.edu.as19557.net | ❌ Down (Error) | None | N/A | 2025-03-29T15:55:42.748741 |
| mjsd.xio.itsaol.com | ❌ Down (Error) | None | N/A | 2025-03-29T15:55:42.748877 |
| nitay.edu.qpoe.com | ❌ Down (Error) | None | N/A | 2025-03-29T15:55:42.749045 |
| sctsz.zote.cloudns.org | ❌ Down (Error) | None | N/A | 2025-03-29T15:55:42.749191 |
| xjisd.educ.cloudns.biz | ❌ Down (Error) | None | N/A | 2025-03-29T15:55:42.749330 |
| wibl.zfo.dns-dynamic.net | ❌ Down (Error) | None | N/A | 2025-03-29T15:55:42.749471 |
| wzko.siv.cloudns.ph | ❌ Down (Error) | None | N/A | 2025-03-29T15:55:42.749614 |
| xswi.wwo.cloudns.nz | ❌ Down (Error) | None | N/A | 2025-03-29T15:55:42.749747 |
| zelm.vast.cloudns.ch | ❌ Down (Error) | None | N/A | 2025-03-29T15:55:42.749883 |
| kjus.xio.cloud-ip.biz | ❌ Down (Error) | None | N/A | 2025-03-29T15:55:42.750040 |
| gitxc.vip.ip-dynamic.org | ❌ Down (Error) | None | N/A | 2025-03-29T15:55:42.750180 |
| bayio.edu.dynx.me | ❌ Down (Error) | None | N/A | 2025-03-29T15:55:42.750314 |
| towa.xio.bolo.fyi | ❌ Down (Error) | None | N/A | 2025-03-29T15:55:42.750447 |
| suco.edu.ezpz.work | ❌ Down (Error) | None | N/A | 2025-03-29T15:55:42.750584 |
| wov.soho.lovedub.net | ❌ Down (Error) | None | N/A | 2025-03-29T15:55:42.750725 |
| zipn.soho.lbahq.com | ❌ Down (Error) | None | N/A | 2025-03-29T15:55:42.750863 |
| parp.xeo.dedyn.io | ❌ Down (Error) | None | N/A | 2025-03-29T15:55:42.751019 |
| agei.svip.app.tc | ❌ Down (Error) | None | N/A | 2025-03-29T15:55:42.751172 |
| baic.kuilut.tic.tc | ❌ Down (Error) | None | N/A | 2025-03-29T15:55:42.751311 |
| dziy.svip.blogu.tc | ❌ Down (Error) | None | N/A | 2025-03-29T15:55:42.751449 |
| flq.wwon.con.tc | ❌ Down (Error) | None | N/A | 2025-03-29T15:55:42.751598 |
| rowb.svip.san.tc | ❌ Down (Error) | None | N/A | 2025-03-29T15:55:42.751756 |
| itss.wxio.sitesi.tc | ❌ Down (Error) | None | N/A | 2025-03-29T15:55:42.751898 |
| sni=xn--rss272l.us.kg | ❌ Down (Error) | None | N/A | 2025-03-29T15:55:42.752063 |
| cxaz.sohoo.isgre.at | ❌ Down (Error) | None | N/A | 2025-03-29T15:55:42.752210 |
| subi.zone.id | ❌ Down (Error) | None | N/A | 2025-03-29T15:55:42.752720 |
| muzic.zone.id | ❌ Down (Error) | None | N/A | 2025-03-29T15:55:42.752870 |
| maxb.zone.id | ❌ Down (Error) | None | N/A | 2025-03-29T15:55:42.753036 |
| educ.zone.id | ❌ Down (Error) | None | N/A | 2025-03-29T15:55:42.753183 |
| fynix.zone.id | ❌ Down (Error) | None | N/A | 2025-03-29T15:55:42.753338 |
| celon.zone.id | ❌ Down (Error) | None | N/A | 2025-03-29T15:55:42.753481 |
| soren.zone.id | ❌ Down (Error) | None | N/A | 2025-03-29T15:55:42.753620 |
| zyrel.zone.id | ❌ Down (Error) | None | N/A | 2025-03-29T15:55:42.753764 |
| vexar.zone.id | ❌ Down (Error) | None | N/A | 2025-03-29T15:55:42.753906 |
| xylar.zone.id | ❌ Down (Error) | None | N/A | 2025-03-29T15:55:42.754068 |
| drevo.zone.id | ❌ Down (Error) | None | N/A | 2025-03-29T15:55:42.754210 |
| mirox.zone.id | ❌ Down (Error) | None | N/A | 2025-03-29T15:55:42.754347 |
| nerix.zone.id | ❌ Down (Error) | None | N/A | 2025-03-29T15:55:42.754491 |
| fenix.zone.id | ❌ Down (Error) | None | N/A | 2025-03-29T15:55:42.754632 |
| xiron.zone.id | ❌ Down (Error) | None | N/A | 2025-03-29T15:55:42.754768 |
| voren.zone.id | ❌ Down (Error) | None | N/A | 2025-03-29T15:55:42.754906 |
| lioro.zone.id | ❌ Down (Error) | None | N/A | 2025-03-29T15:55:42.755063 |
| kyron.zone.id | ❌ Down (Error) | None | N/A | 2025-03-29T15:55:42.755203 |
| novix.zone.id | ❌ Down (Error) | None | N/A | 2025-03-29T15:55:42.755337 |
| gife.zone.id | ❌ Down (Error) | None | N/A | 2025-03-29T15:55:42.755469 |
