# Website Status

Below is the latest status of monitored websites:

| URL | Status | Status Code | Response Time | Last Checked |
|-----|--------|-------------|---------------|--------------|
| https://pandora-vercel-one-nu.vercel.app | ✅ Up | 200 | 2307.31 ms | 2025-03-28T05:38:54.573234 |
| https://chat-beta-woad.vercel.app | ✅ Up | 200 | 2367.00 ms | 2025-03-28T05:38:56.940414 |
| https://chatgpt-ai-jet.vercel.app | ✅ Up | 200 | 104.55 ms | 2025-03-28T05:38:57.045086 |
| https://ai-assistant-five-theta.vercel.app | ✅ Up | 200 | 62.25 ms | 2025-03-28T05:38:57.107465 |
| http://zot.ydns.eu | ⚠️ Down (Status: 404) | 404 | 467.49 ms | 2025-03-28T05:38:57.575119 |
| http://poxy.ydns.eu | ✅ Up | 200 | 455.93 ms | 2025-03-28T05:38:58.031139 |
| http://long.ydns.eu | ⚠️ Down (Status: 404) | 404 | 468.89 ms | 2025-03-28T05:38:58.500112 |
| http://drv.ydns.eu | ✅ Up | 200 | 315.10 ms | 2025-03-28T05:38:58.815295 |
| cdue.cloudns.ch | ❌ Down (Error) | None | N/A | 2025-03-28T05:38:58.815632 |
| educ.cloudns.biz | ❌ Down (Error) | None | N/A | 2025-03-28T05:38:58.815839 |
| tau.cloudns.biz | ❌ Down (Error) | None | N/A | 2025-03-28T05:38:58.815966 |
| svip.cloudns.org | ❌ Down (Error) | None | N/A | 2025-03-28T05:38:58.816073 |
| zote.cloudns.org | ❌ Down (Error) | None | N/A | 2025-03-28T05:38:58.816175 |
| ven.cloudns.biz | ❌ Down (Error) | None | N/A | 2025-03-28T05:38:58.816275 |
| zfo.cloudns.org | ❌ Down (Error) | None | N/A | 2025-03-28T05:38:58.816378 |
| zfo.dns-dynamic.net | ❌ Down (Error) | None | N/A | 2025-03-28T05:38:58.816480 |
| diffireworks.cloudns.org | ❌ Down (Error) | None | N/A | 2025-03-28T05:38:58.816602 |
| vip.dns-dynamic.net | ❌ Down (Error) | None | N/A | 2025-03-28T05:38:58.816705 |
| dsk.cloudns.biz | ❌ Down (Error) | None | N/A | 2025-03-28T05:38:58.816803 |
| fox.dns-dynamic.net | ❌ Down (Error) | None | N/A | 2025-03-28T05:38:58.816898 |
| xiolin.dns-dynamic.net | ❌ Down (Error) | None | N/A | 2025-03-28T05:38:58.816993 |
| sac.cloudns.biz | ❌ Down (Error) | None | N/A | 2025-03-28T05:38:58.817086 |
| kaixin.cloudns.ch | ❌ Down (Error) | None | N/A | 2025-03-28T05:38:58.817185 |
| wwv.cloudns.be | ❌ Down (Error) | None | N/A | 2025-03-28T05:38:58.817279 |
| mov.cloudns.org | ❌ Down (Error) | None | N/A | 2025-03-28T05:38:58.817371 |
| pan.cloudns.org | ❌ Down (Error) | None | N/A | 2025-03-28T05:38:58.817463 |
| siv.cloudns.ph | ❌ Down (Error) | None | N/A | 2025-03-28T05:38:58.817555 |
| wwo.cloudns.nz | ❌ Down (Error) | None | N/A | 2025-03-28T05:38:58.817671 |
| std.cloudns.org | ❌ Down (Error) | None | N/A | 2025-03-28T05:38:58.817763 |
| vercel.dns-dynamic.net | ❌ Down (Error) | None | N/A | 2025-03-28T05:38:58.817856 |
| virgo.cloudns.biz | ❌ Down (Error) | None | N/A | 2025-03-28T05:38:58.817960 |
| wwo.cloudns.ch | ❌ Down (Error) | None | N/A | 2025-03-28T05:38:58.818055 |
| vx.cloudns.ch | ❌ Down (Error) | None | N/A | 2025-03-28T05:38:58.818148 |
| kenelm.cloudns.ch | ❌ Down (Error) | None | N/A | 2025-03-28T05:38:58.818242 |
| beer.dns-dynamic.net | ❌ Down (Error) | None | N/A | 2025-03-28T05:38:58.818334 |
| vast.cloudns.ch | ❌ Down (Error) | None | N/A | 2025-03-28T05:38:58.818426 |
| vice.cloudns.be | ❌ Down (Error) | None | N/A | 2025-03-28T05:38:58.818519 |
| ipen.eu.org | ❌ Down (Error) | None | N/A | 2025-03-28T05:38:58.818631 |
| kaxoi.eu.org | ❌ Down (Error) | None | N/A | 2025-03-28T05:38:58.818725 |
| kcoco.eu.org | ❌ Down (Error) | None | N/A | 2025-03-28T05:38:58.818821 |
| linqin.eu.org | ❌ Down (Error) | None | N/A | 2025-03-28T05:38:58.818915 |
| ricpig.eu.org | ❌ Down (Error) | None | N/A | 2025-03-28T05:38:58.819007 |
| skvip.eu.org | ❌ Down (Error) | None | N/A | 2025-03-28T05:38:58.819103 |
| skyle.eu.org | ❌ Down (Error) | None | N/A | 2025-03-28T05:38:58.819195 |
| suke.eu.org | ❌ Down (Error) | None | N/A | 2025-03-28T05:38:58.819287 |
| vercl.eu.org | ❌ Down (Error) | None | N/A | 2025-03-28T05:38:58.819380 |
| vipn.eu.org | ❌ Down (Error) | None | N/A | 2025-03-28T05:38:58.819473 |
| wvvp.eu.org | ❌ Down (Error) | None | N/A | 2025-03-28T05:38:58.819588 |
| ipzo.eu.org | ❌ Down (Error) | None | N/A | 2025-03-28T05:38:58.819687 |
| linqing.eu.org | ❌ Down (Error) | None | N/A | 2025-03-28T05:38:58.819786 |
| stds.eu.org | ❌ Down (Error) | None | N/A | 2025-03-28T05:38:58.819880 |
| viko.eu.org | ❌ Down (Error) | None | N/A | 2025-03-28T05:38:58.819971 |
| vipk.eu.org | ❌ Down (Error) | None | N/A | 2025-03-28T05:38:58.820064 |
| xongan.eu.org | ❌ Down (Error) | None | N/A | 2025-03-28T05:38:58.820159 |
| zosx.eu.org | ❌ Down (Error) | None | N/A | 2025-03-28T05:38:58.820253 |
| zot.dedyn.io | ❌ Down (Error) | None | N/A | 2025-03-28T05:38:58.820346 |
| xeo.dedyn.io | ❌ Down (Error) | None | N/A | 2025-03-28T05:38:58.820437 |
| std.dedyn.io | ❌ Down (Error) | None | N/A | 2025-03-28T05:38:58.820527 |
| xio.edu.publicvm.com | ❌ Down (Error) | None | N/A | 2025-03-28T05:38:58.820639 |
| xio.jxsio.v6.army | ❌ Down (Error) | None | N/A | 2025-03-28T05:38:58.820734 |
| xioo.jxios.dynv6.net | ❌ Down (Error) | None | N/A | 2025-03-28T05:38:58.820826 |
| xioo.kaxoi.eu.org | ❌ Down (Error) | None | N/A | 2025-03-28T05:38:58.820925 |
| xioo.wwo.cloudns.nz | ❌ Down (Error) | None | N/A | 2025-03-28T05:38:58.821019 |
| xio.siv.cloudns.ph | ❌ Down (Error) | None | N/A | 2025-03-28T05:38:58.821111 |
| xio.std.cloudns.ch | ❌ Down (Error) | None | N/A | 2025-03-28T05:38:58.821202 |
| xio.vip.dns-dynamic.net | ❌ Down (Error) | None | N/A | 2025-03-28T05:38:58.821295 |
| xio.zon.byinter.net | ❌ Down (Error) | None | N/A | 2025-03-28T05:38:58.821478 |
| xio.zoot.myfw.us | ❌ Down (Error) | None | N/A | 2025-03-28T05:38:58.821652 |
| xio.gzos.link | ❌ Down (Error) | None | N/A | 2025-03-28T05:38:58.821758 |
| xioo.educ.line.pm | ❌ Down (Error) | None | N/A | 2025-03-28T05:38:58.821860 |
| xio.sac.cloudns.biz | ❌ Down (Error) | None | N/A | 2025-03-28T05:38:58.821958 |
| xio.std.cloudns.org | ❌ Down (Error) | None | N/A | 2025-03-28T05:38:58.822052 |
| xio.std.kesug.com | ❌ Down (Error) | None | N/A | 2025-03-28T05:38:58.822146 |
| xio.stu.loveslife.biz | ❌ Down (Error) | None | N/A | 2025-03-28T05:38:58.822238 |
| xio.wwv.cloudns.be | ❌ Down (Error) | None | N/A | 2025-03-28T05:38:58.822332 |
| xio.xeo.dedyn.io | ❌ Down (Error) | None | N/A | 2025-03-28T05:38:58.822425 |
| xio.xiaohhh.xyz | ❌ Down (Error) | None | N/A | 2025-03-28T05:38:58.822518 |
| xio.zoten.onflashdrive.app | ❌ Down (Error) | None | N/A | 2025-03-28T05:38:58.822677 |
| xio.gzos.rr.nu | ❌ Down (Error) | None | N/A | 2025-03-28T05:38:58.822852 |
| xio.lzhoo.v6.navy | ❌ Down (Error) | None | N/A | 2025-03-28T05:38:58.823015 |
| xio.std.000.pe | ❌ Down (Error) | None | N/A | 2025-03-28T05:38:58.823172 |
| xio.wwvio.dns.army | ❌ Down (Error) | None | N/A | 2025-03-28T05:38:58.823322 |
| xio.zon.lookin.at | ❌ Down (Error) | None | N/A | 2025-03-28T05:38:58.823465 |
| xio.zon.myredirect.us | ❌ Down (Error) | None | N/A | 2025-03-28T05:38:58.823629 |
| xio.zos.22web.org | ❌ Down (Error) | None | N/A | 2025-03-28T05:38:58.823746 |
| xio.zot.rf.gd | ❌ Down (Error) | None | N/A | 2025-03-28T05:38:58.823845 |
| xio.zoxte.v6.army | ❌ Down (Error) | None | N/A | 2025-03-28T05:38:58.823940 |
| xio.zoxte.v6.rocks | ❌ Down (Error) | None | N/A | 2025-03-28T05:38:58.824033 |
| xio.soho.lovedub.net | ❌ Down (Error) | None | N/A | 2025-03-28T05:38:58.824138 |
| xio.xn--ebbpo8a.xn--y9a3aq | ❌ Down (Error) | None | N/A | 2025-03-28T05:38:58.824235 |
| xio.zoxte.dns.navy | ❌ Down (Error) | None | N/A | 2025-03-28T05:38:58.824328 |
| soho.perslist.com | ❌ Down (Error) | None | N/A | 2025-03-28T05:38:58.824420 |
| wonder.dynx.me | ❌ Down (Error) | None | N/A | 2025-03-28T05:38:58.824521 |
| edu.42web.io | ❌ Down (Error) | None | N/A | 2025-03-28T05:38:58.824645 |
| std.great-site.net | ❌ Down (Error) | None | N/A | 2025-03-28T05:38:58.824743 |
| std.kesug.com | ❌ Down (Error) | None | N/A | 2025-03-28T05:38:58.824835 |
| zoon.wuaze.com | ❌ Down (Error) | None | N/A | 2025-03-28T05:38:58.824926 |
| chatz.lovestoblog.com | ❌ Down (Error) | None | N/A | 2025-03-28T05:38:58.825018 |
| zok.free.nf | ❌ Down (Error) | None | N/A | 2025-03-28T05:38:58.825120 |
| inwen.wuaze.com | ❌ Down (Error) | None | N/A | 2025-03-28T05:38:58.825214 |
| linwen.rf.gd | ❌ Down (Error) | None | N/A | 2025-03-28T05:38:58.825307 |
| edu.lovestoblog.com | ❌ Down (Error) | None | N/A | 2025-03-28T05:38:58.825399 |
| bre.cloudns.ch | ❌ Down (Error) | None | N/A | 2025-03-28T05:38:58.825491 |
| std.000.pe | ❌ Down (Error) | None | N/A | 2025-03-28T05:38:58.825607 |
| daiwen.infinityfreeapp.com | ❌ Down (Error) | None | N/A | 2025-03-28T05:38:58.825708 |
| educ.free.nf | ❌ Down (Error) | None | N/A | 2025-03-28T05:38:58.825801 |
| miao.dns-dynamic.net | ❌ Down (Error) | None | N/A | 2025-03-28T05:38:58.825893 |
| sch.cloudns.be | ❌ Down (Error) | None | N/A | 2025-03-28T05:38:58.825985 |
| si.cloudns.be | ❌ Down (Error) | None | N/A | 2025-03-28T05:38:58.826077 |
| skyo.dns-dynamic.net | ❌ Down (Error) | None | N/A | 2025-03-28T05:38:58.826169 |
| vp.cloudns.be | ❌ Down (Error) | None | N/A | 2025-03-28T05:38:58.826260 |
| zoot.unaux.com | ❌ Down (Error) | None | N/A | 2025-03-28T05:38:58.826352 |
| www.muppets.cloudns.ch | ❌ Down (Error) | None | N/A | 2025-03-28T05:38:58.826446 |
| clo.cloudns.be | ❌ Down (Error) | None | N/A | 2025-03-28T05:38:58.826537 |
| duf.cloudns.ch | ❌ Down (Error) | None | N/A | 2025-03-28T05:38:58.826667 |
| lzi.cloudns.ch | ❌ Down (Error) | None | N/A | 2025-03-28T05:38:58.826761 |
| muppets.cloudns.ch | ❌ Down (Error) | None | N/A | 2025-03-28T05:38:58.826852 |
| sen.cloudns.be | ❌ Down (Error) | None | N/A | 2025-03-28T05:38:58.826948 |
| uto.cloudns.ch | ❌ Down (Error) | None | N/A | 2025-03-28T05:38:58.827039 |
| vp.dns-dynamic.net | ❌ Down (Error) | None | N/A | 2025-03-28T05:38:58.827129 |
| edu.tkpk.cc | ❌ Down (Error) | None | N/A | 2025-03-28T05:38:58.827225 |
| edu.ezpz.work | ❌ Down (Error) | None | N/A | 2025-03-28T05:38:58.827319 |
| woshiwoyansebuya.cloudns.be | ❌ Down (Error) | None | N/A | 2025-03-28T05:38:58.827410 |
| shisi.dns-dynamic.net | ❌ Down (Error) | None | N/A | 2025-03-28T05:38:58.827508 |
| www.xiaomaomi.dns-dynamic.net | ❌ Down (Error) | None | N/A | 2025-03-28T05:38:58.827633 |
| www.yiluhuohuadaishadian.dns-dynamic.net | ❌ Down (Error) | None | N/A | 2025-03-28T05:38:58.827735 |
| www.liniang.cloudns.be | ❌ Down (Error) | None | N/A | 2025-03-28T05:38:58.827923 |
| cdy52.pages.dev | ❌ Down (Error) | None | N/A | 2025-03-28T05:38:58.828072 |
| xio.live-on.net | ❌ Down (Error) | None | N/A | 2025-03-28T05:38:58.828210 |
| xio.mydns.tw | ❌ Down (Error) | None | N/A | 2025-03-28T05:38:58.828335 |
| xio.keyword-on.net | ❌ Down (Error) | None | N/A | 2025-03-28T05:38:58.828432 |
| xio.wjg.jp | ❌ Down (Error) | None | N/A | 2025-03-28T05:38:58.828526 |
| woxy.xio.keyword-on.net | ❌ Down (Error) | None | N/A | 2025-03-28T05:38:58.828655 |
| stdu.nyc.mn | ❌ Down (Error) | None | N/A | 2025-03-28T05:38:58.828750 |
| mokin.nyc.mn | ❌ Down (Error) | None | N/A | 2025-03-28T05:38:58.828842 |
| jxio.nyc.mn | ❌ Down (Error) | None | N/A | 2025-03-28T05:38:58.828938 |
| veco.nyc.mn | ❌ Down (Error) | None | N/A | 2025-03-28T05:38:58.829031 |
| zoot.nyc.mn | ❌ Down (Error) | None | N/A | 2025-03-28T05:38:58.829122 |
| xisu.nyc.mn | ❌ Down (Error) | None | N/A | 2025-03-28T05:38:58.829212 |
| odbar.stdu.nyc.mn | ❌ Down (Error) | None | N/A | 2025-03-28T05:38:58.829308 |
| res.zoot.nyc.mn | ❌ Down (Error) | None | N/A | 2025-03-28T05:38:58.829401 |
| age.xisu.nyc.mn | ❌ Down (Error) | None | N/A | 2025-03-28T05:38:58.829496 |
| eolin.avisa.dedyn.io | ❌ Down (Error) | None | N/A | 2025-03-28T05:38:58.829622 |
| zoot.serv00.net | ❌ Down (Error) | None | N/A | 2025-03-28T05:38:58.829725 |
| gzols.serv00.net | ❌ Down (Error) | None | N/A | 2025-03-28T05:38:58.829818 |
| zko.xio.live-on.net | ❌ Down (Error) | None | N/A | 2025-03-28T05:38:58.829909 |
| zkc.xio.live-on.net | ❌ Down (Error) | None | N/A | 2025-03-28T05:38:58.830001 |
| voxy.xio.gleeze.com | ❌ Down (Error) | None | N/A | 2025-03-28T05:38:58.830094 |
| mo.stdu.3d.tc | ❌ Down (Error) | None | N/A | 2025-03-28T05:38:58.830185 |
| wxi.jxs.byinter.net | ❌ Down (Error) | None | N/A | 2025-03-28T05:38:58.830278 |
| xoy.zhozo.cloudns.ch | ❌ Down (Error) | None | N/A | 2025-03-28T05:38:58.830371 |
| wxio.edu.x24hr.com | ❌ Down (Error) | None | N/A | 2025-03-28T05:38:58.830462 |
| wxi-8k0.edu.x24hr.com | ❌ Down (Error) | None | N/A | 2025-03-28T05:38:58.830554 |
| wxi-yqc.edu.x24hr.com | ❌ Down (Error) | None | N/A | 2025-03-28T05:38:58.830672 |
| lon.lxuei.cloudns.be | ❌ Down (Error) | None | N/A | 2025-03-28T05:38:58.830765 |
| www.woloveyangqin.dns-dynamic.net | ❌ Down (Error) | None | N/A | 2025-03-28T05:38:58.830859 |
| www.vast.cloudns.ch | ❌ Down (Error) | None | N/A | 2025-03-28T05:38:58.830952 |
| www.visa.com.sg | ❌ Down (Error) | None | N/A | 2025-03-28T05:38:58.831046 |
| dxzk.jxsoc.cc.ua | ❌ Down (Error) | None | N/A | 2025-03-28T05:38:58.831140 |
| xfus.educ.cloudns.biz | ❌ Down (Error) | None | N/A | 2025-03-28T05:38:58.831241 |
| wxi-tns.edu.x24hr.com | ❌ Down (Error) | None | N/A | 2025-03-28T05:38:58.831336 |
| wxi-38a.edu.x24hr.com | ❌ Down (Error) | None | N/A | 2025-03-28T05:38:58.831429 |
| wxi-8fm.xio.longmusic.com | ❌ Down (Error) | None | N/A | 2025-03-28T05:38:58.831521 |
| xinxin-d4h.xio.longmusic.com | ❌ Down (Error) | None | N/A | 2025-03-28T05:38:58.831640 |
| www.cdue.cloudns.ch | ❌ Down (Error) | None | N/A | 2025-03-28T05:38:58.831735 |
| www.zto.cloudns.ch | ❌ Down (Error) | None | N/A | 2025-03-28T05:38:58.831833 |
| wxio.xio.zyns.com | ❌ Down (Error) | None | N/A | 2025-03-28T05:38:58.831928 |
| www.kaxin.cloudns.ch | ❌ Down (Error) | None | N/A | 2025-03-28T05:38:58.832021 |
| www.kenelm.cloudns.ch | ❌ Down (Error) | None | N/A | 2025-03-28T05:38:58.832114 |
| uedi.xio.zyns.com | ❌ Down (Error) | None | N/A | 2025-03-28T05:38:58.832207 |
| wxi.xio.zyns.com | ❌ Down (Error) | None | N/A | 2025-03-28T05:38:58.832298 |
| iufeu.xio.dynamic-dns.net | ❌ Down (Error) | None | N/A | 2025-03-28T05:38:58.832394 |
| www.bre.cloudns.ch | ❌ Down (Error) | None | N/A | 2025-03-28T05:38:58.832489 |
| iorfuy.xio.dynamic-dns.net | ❌ Down (Error) | None | N/A | 2025-03-28T05:38:58.832611 |
| www.diffireworks.cloudns.org | ❌ Down (Error) | None | N/A | 2025-03-28T05:38:58.832715 |
| gedu.xio.zzux.com | ❌ Down (Error) | None | N/A | 2025-03-28T05:38:58.832815 |
| owire.xio.zzux.com | ❌ Down (Error) | None | N/A | 2025-03-28T05:38:58.832909 |
| ie23.xio.zzux.com | ❌ Down (Error) | None | N/A | 2025-03-28T05:38:58.833000 |
| ewfhho.xio.zzux.com | ❌ Down (Error) | None | N/A | 2025-03-28T05:38:58.833092 |
| ofoi.xio.longmusic.com | ❌ Down (Error) | None | N/A | 2025-03-28T05:38:58.833183 |
| dbng.xio.longmusic.com | ❌ Down (Error) | None | N/A | 2025-03-28T05:38:58.833276 |
| iuwe.zote.rr.nu | ❌ Down (Error) | None | N/A | 2025-03-28T05:38:58.833367 |
| www.ven.cloudns.biz | ❌ Down (Error) | None | N/A | 2025-03-28T05:38:58.833460 |
| iuwe.stdue.dynv6.net | ❌ Down (Error) | None | N/A | 2025-03-28T05:38:58.833576 |
| xio.won.cc.ua | ❌ Down (Error) | None | N/A | 2025-03-28T05:38:58.833694 |
| cdy.jxs.dix.asia | ❌ Down (Error) | None | N/A | 2025-03-28T05:38:58.833855 |
| djgj.xio.mydns.tw | ❌ Down (Error) | None | N/A | 2025-03-28T05:38:58.833958 |
| ekq.xio.keyword-on.net | ❌ Down (Error) | None | N/A | 2025-03-28T05:38:58.834060 |
| i8xx.xio.wjg.jp | ❌ Down (Error) | None | N/A | 2025-03-28T05:38:58.834160 |
| rsboat.wox.us.kg | ❌ Down (Error) | None | N/A | 2025-03-28T05:38:58.834256 |
| gqhuo.jxios.dynv6.net | ❌ Down (Error) | None | N/A | 2025-03-28T05:38:58.834350 |
| kzze.lzhoo.v6.navy | ❌ Down (Error) | None | N/A | 2025-03-28T05:38:58.834448 |
| woxy.limkco.evai.pl | ❌ Down (Error) | None | N/A | 2025-03-28T05:38:58.834542 |
| pxyu.sohoo.v6.army | ❌ Down (Error) | None | N/A | 2025-03-28T05:38:58.834673 |
| zerd.sohoo.dns.navy | ❌ Down (Error) | None | N/A | 2025-03-28T05:38:58.834769 |
| zxi.sohoo.v6.navy | ❌ Down (Error) | None | N/A | 2025-03-28T05:38:58.834863 |
| kosti.xio.dynamic-dns.net | ❌ Down (Error) | None | N/A | 2025-03-28T05:38:58.834957 |
| mckd.edu.as19557.net | ❌ Down (Error) | None | N/A | 2025-03-28T05:38:58.835049 |
| mirt.edu.as19557.net | ❌ Down (Error) | None | N/A | 2025-03-28T05:38:58.835148 |
| mjsd.xio.itsaol.com | ❌ Down (Error) | None | N/A | 2025-03-28T05:38:58.835242 |
| nitay.edu.qpoe.com | ❌ Down (Error) | None | N/A | 2025-03-28T05:38:58.835335 |
| sctsz.zote.cloudns.org | ❌ Down (Error) | None | N/A | 2025-03-28T05:38:58.835427 |
| xjisd.educ.cloudns.biz | ❌ Down (Error) | None | N/A | 2025-03-28T05:38:58.835520 |
| wibl.zfo.dns-dynamic.net | ❌ Down (Error) | None | N/A | 2025-03-28T05:38:58.835637 |
| wzko.siv.cloudns.ph | ❌ Down (Error) | None | N/A | 2025-03-28T05:38:58.835736 |
| xswi.wwo.cloudns.nz | ❌ Down (Error) | None | N/A | 2025-03-28T05:38:58.835832 |
| zelm.vast.cloudns.ch | ❌ Down (Error) | None | N/A | 2025-03-28T05:38:58.835925 |
| kjus.xio.cloud-ip.biz | ❌ Down (Error) | None | N/A | 2025-03-28T05:38:58.836017 |
| gitxc.vip.ip-dynamic.org | ❌ Down (Error) | None | N/A | 2025-03-28T05:38:58.836109 |
| bayio.edu.dynx.me | ❌ Down (Error) | None | N/A | 2025-03-28T05:38:58.836201 |
| towa.xio.bolo.fyi | ❌ Down (Error) | None | N/A | 2025-03-28T05:38:58.836294 |
| suco.edu.ezpz.work | ❌ Down (Error) | None | N/A | 2025-03-28T05:38:58.836387 |
| wov.soho.lovedub.net | ❌ Down (Error) | None | N/A | 2025-03-28T05:38:58.836480 |
| zipn.soho.lbahq.com | ❌ Down (Error) | None | N/A | 2025-03-28T05:38:58.836588 |
| parp.xeo.dedyn.io | ❌ Down (Error) | None | N/A | 2025-03-28T05:38:58.836686 |
| agei.svip.app.tc | ❌ Down (Error) | None | N/A | 2025-03-28T05:38:58.836779 |
| baic.kuilut.tic.tc | ❌ Down (Error) | None | N/A | 2025-03-28T05:38:58.836871 |
| dziy.svip.blogu.tc | ❌ Down (Error) | None | N/A | 2025-03-28T05:38:58.836969 |
| flq.wwon.con.tc | ❌ Down (Error) | None | N/A | 2025-03-28T05:38:58.837061 |
| rowb.svip.san.tc | ❌ Down (Error) | None | N/A | 2025-03-28T05:38:58.837158 |
| itss.wxio.sitesi.tc | ❌ Down (Error) | None | N/A | 2025-03-28T05:38:58.837254 |
| sni=xn--rss272l.us.kg | ❌ Down (Error) | None | N/A | 2025-03-28T05:38:58.837348 |
| cxaz.sohoo.isgre.at | ❌ Down (Error) | None | N/A | 2025-03-28T05:38:58.837448 |
| subi.zone.id | ❌ Down (Error) | None | N/A | 2025-03-28T05:38:58.837824 |
| muzic.zone.id | ❌ Down (Error) | None | N/A | 2025-03-28T05:38:58.837969 |
