# Website Status

Below is the latest status of monitored websites:

| URL | Status | Status Code | Response Time | Last Checked |
|-----|--------|-------------|---------------|--------------|
| https://pandora-vercel-one-nu.vercel.app | ✅ Up | 200 | 2321.77 ms | 2025-03-24T04:55:37.092223 |
| https://chat-beta-woad.vercel.app | ✅ Up | 200 | 2463.02 ms | 2025-03-24T04:55:39.555464 |
| https://chatgpt-ai-jet.vercel.app | ✅ Up | 200 | 54.93 ms | 2025-03-24T04:55:39.610603 |
| https://ai-assistant-five-theta.vercel.app | ✅ Up | 200 | 103.90 ms | 2025-03-24T04:55:39.714683 |
| http://zot.ydns.eu | ⚠️ Down (Status: 404) | 404 | 460.36 ms | 2025-03-24T04:55:40.175219 |
| http://poxy.ydns.eu | ✅ Up | 200 | 468.08 ms | 2025-03-24T04:55:40.643431 |
| http://long.ydns.eu | ⚠️ Down (Status: 404) | 404 | 472.56 ms | 2025-03-24T04:55:41.116110 |
| http://drv.ydns.eu | ✅ Up | 200 | 881.13 ms | 2025-03-24T04:55:41.997335 |
| cdue.cloudns.ch | ❌ Down (Error) | None | N/A | 2025-03-24T04:55:41.997646 |
| educ.cloudns.biz | ❌ Down (Error) | None | N/A | 2025-03-24T04:55:41.997793 |
| tau.cloudns.biz | ❌ Down (Error) | None | N/A | 2025-03-24T04:55:41.997980 |
| svip.cloudns.org | ❌ Down (Error) | None | N/A | 2025-03-24T04:55:41.998100 |
| zote.cloudns.org | ❌ Down (Error) | None | N/A | 2025-03-24T04:55:41.998206 |
| ven.cloudns.biz | ❌ Down (Error) | None | N/A | 2025-03-24T04:55:41.998321 |
| zfo.cloudns.org | ❌ Down (Error) | None | N/A | 2025-03-24T04:55:41.998433 |
| zfo.dns-dynamic.net | ❌ Down (Error) | None | N/A | 2025-03-24T04:55:41.998535 |
| diffireworks.cloudns.org | ❌ Down (Error) | None | N/A | 2025-03-24T04:55:41.998634 |
| vip.dns-dynamic.net | ❌ Down (Error) | None | N/A | 2025-03-24T04:55:41.998731 |
| dsk.cloudns.biz | ❌ Down (Error) | None | N/A | 2025-03-24T04:55:41.998825 |
| fox.dns-dynamic.net | ❌ Down (Error) | None | N/A | 2025-03-24T04:55:41.998955 |
| xiolin.dns-dynamic.net | ❌ Down (Error) | None | N/A | 2025-03-24T04:55:41.999058 |
| sac.cloudns.biz | ❌ Down (Error) | None | N/A | 2025-03-24T04:55:41.999155 |
| kaixin.cloudns.ch | ❌ Down (Error) | None | N/A | 2025-03-24T04:55:41.999263 |
| wwv.cloudns.be | ❌ Down (Error) | None | N/A | 2025-03-24T04:55:41.999359 |
| mov.cloudns.org | ❌ Down (Error) | None | N/A | 2025-03-24T04:55:41.999455 |
| pan.cloudns.org | ❌ Down (Error) | None | N/A | 2025-03-24T04:55:41.999550 |
| siv.cloudns.ph | ❌ Down (Error) | None | N/A | 2025-03-24T04:55:41.999644 |
| wwo.cloudns.nz | ❌ Down (Error) | None | N/A | 2025-03-24T04:55:41.999738 |
| std.cloudns.org | ❌ Down (Error) | None | N/A | 2025-03-24T04:55:41.999833 |
| vercel.dns-dynamic.net | ❌ Down (Error) | None | N/A | 2025-03-24T04:55:41.999950 |
| virgo.cloudns.biz | ❌ Down (Error) | None | N/A | 2025-03-24T04:55:42.000057 |
| wwo.cloudns.ch | ❌ Down (Error) | None | N/A | 2025-03-24T04:55:42.000154 |
| vx.cloudns.ch | ❌ Down (Error) | None | N/A | 2025-03-24T04:55:42.000257 |
| kenelm.cloudns.ch | ❌ Down (Error) | None | N/A | 2025-03-24T04:55:42.000351 |
| beer.dns-dynamic.net | ❌ Down (Error) | None | N/A | 2025-03-24T04:55:42.000449 |
| vast.cloudns.ch | ❌ Down (Error) | None | N/A | 2025-03-24T04:55:42.000546 |
| vice.cloudns.be | ❌ Down (Error) | None | N/A | 2025-03-24T04:55:42.000642 |
| ipen.eu.org | ❌ Down (Error) | None | N/A | 2025-03-24T04:55:42.000738 |
| kaxoi.eu.org | ❌ Down (Error) | None | N/A | 2025-03-24T04:55:42.000833 |
| kcoco.eu.org | ❌ Down (Error) | None | N/A | 2025-03-24T04:55:42.000958 |
| linqin.eu.org | ❌ Down (Error) | None | N/A | 2025-03-24T04:55:42.001059 |
| ricpig.eu.org | ❌ Down (Error) | None | N/A | 2025-03-24T04:55:42.001155 |
| skvip.eu.org | ❌ Down (Error) | None | N/A | 2025-03-24T04:55:42.001255 |
| skyle.eu.org | ❌ Down (Error) | None | N/A | 2025-03-24T04:55:42.001350 |
| suke.eu.org | ❌ Down (Error) | None | N/A | 2025-03-24T04:55:42.001449 |
| vercl.eu.org | ❌ Down (Error) | None | N/A | 2025-03-24T04:55:42.001547 |
| vipn.eu.org | ❌ Down (Error) | None | N/A | 2025-03-24T04:55:42.001642 |
| wvvp.eu.org | ❌ Down (Error) | None | N/A | 2025-03-24T04:55:42.001736 |
| ipzo.eu.org | ❌ Down (Error) | None | N/A | 2025-03-24T04:55:42.001829 |
| linqing.eu.org | ❌ Down (Error) | None | N/A | 2025-03-24T04:55:42.001949 |
| stds.eu.org | ❌ Down (Error) | None | N/A | 2025-03-24T04:55:42.002060 |
| viko.eu.org | ❌ Down (Error) | None | N/A | 2025-03-24T04:55:42.002155 |
| vipk.eu.org | ❌ Down (Error) | None | N/A | 2025-03-24T04:55:42.002251 |
| xongan.eu.org | ❌ Down (Error) | None | N/A | 2025-03-24T04:55:42.002348 |
| zosx.eu.org | ❌ Down (Error) | None | N/A | 2025-03-24T04:55:42.002442 |
| zot.dedyn.io | ❌ Down (Error) | None | N/A | 2025-03-24T04:55:42.002537 |
| xeo.dedyn.io | ❌ Down (Error) | None | N/A | 2025-03-24T04:55:42.002631 |
| std.dedyn.io | ❌ Down (Error) | None | N/A | 2025-03-24T04:55:42.002727 |
| xio.edu.publicvm.com | ❌ Down (Error) | None | N/A | 2025-03-24T04:55:42.002823 |
| xio.jxsio.v6.army | ❌ Down (Error) | None | N/A | 2025-03-24T04:55:42.002943 |
| xioo.jxios.dynv6.net | ❌ Down (Error) | None | N/A | 2025-03-24T04:55:42.003043 |
| xioo.kaxoi.eu.org | ❌ Down (Error) | None | N/A | 2025-03-24T04:55:42.003144 |
| xioo.wwo.cloudns.nz | ❌ Down (Error) | None | N/A | 2025-03-24T04:55:42.003249 |
| xio.siv.cloudns.ph | ❌ Down (Error) | None | N/A | 2025-03-24T04:55:42.003344 |
| xio.std.cloudns.ch | ❌ Down (Error) | None | N/A | 2025-03-24T04:55:42.003439 |
| xio.vip.dns-dynamic.net | ❌ Down (Error) | None | N/A | 2025-03-24T04:55:42.003534 |
| xio.zon.byinter.net | ❌ Down (Error) | None | N/A | 2025-03-24T04:55:42.003689 |
| xio.zoot.myfw.us | ❌ Down (Error) | None | N/A | 2025-03-24T04:55:42.003851 |
| xio.gzos.link | ❌ Down (Error) | None | N/A | 2025-03-24T04:55:42.004039 |
| xioo.educ.line.pm | ❌ Down (Error) | None | N/A | 2025-03-24T04:55:42.004202 |
| xio.sac.cloudns.biz | ❌ Down (Error) | None | N/A | 2025-03-24T04:55:42.004357 |
| xio.std.cloudns.org | ❌ Down (Error) | None | N/A | 2025-03-24T04:55:42.004472 |
| xio.std.kesug.com | ❌ Down (Error) | None | N/A | 2025-03-24T04:55:42.004573 |
| xio.stu.loveslife.biz | ❌ Down (Error) | None | N/A | 2025-03-24T04:55:42.004670 |
| xio.wwv.cloudns.be | ❌ Down (Error) | None | N/A | 2025-03-24T04:55:42.004767 |
| xio.xeo.dedyn.io | ❌ Down (Error) | None | N/A | 2025-03-24T04:55:42.004862 |
| xio.xiaohhh.xyz | ❌ Down (Error) | None | N/A | 2025-03-24T04:55:42.004996 |
| xio.zoten.onflashdrive.app | ❌ Down (Error) | None | N/A | 2025-03-24T04:55:42.005098 |
| xio.gzos.rr.nu | ❌ Down (Error) | None | N/A | 2025-03-24T04:55:42.005194 |
| xio.lzhoo.v6.navy | ❌ Down (Error) | None | N/A | 2025-03-24T04:55:42.005290 |
| xio.std.000.pe | ❌ Down (Error) | None | N/A | 2025-03-24T04:55:42.005386 |
| xio.wwvio.dns.army | ❌ Down (Error) | None | N/A | 2025-03-24T04:55:42.005482 |
| xio.zon.lookin.at | ❌ Down (Error) | None | N/A | 2025-03-24T04:55:42.005580 |
| xio.zon.myredirect.us | ❌ Down (Error) | None | N/A | 2025-03-24T04:55:42.005677 |
| xio.zos.22web.org | ❌ Down (Error) | None | N/A | 2025-03-24T04:55:42.005772 |
| xio.zot.rf.gd | ❌ Down (Error) | None | N/A | 2025-03-24T04:55:42.005868 |
| xio.zoxte.v6.army | ❌ Down (Error) | None | N/A | 2025-03-24T04:55:42.006013 |
| xio.zoxte.v6.rocks | ❌ Down (Error) | None | N/A | 2025-03-24T04:55:42.006112 |
| xio.soho.lovedub.net | ❌ Down (Error) | None | N/A | 2025-03-24T04:55:42.006221 |
| xio.xn--ebbpo8a.xn--y9a3aq | ❌ Down (Error) | None | N/A | 2025-03-24T04:55:42.006326 |
| xio.zoxte.dns.navy | ❌ Down (Error) | None | N/A | 2025-03-24T04:55:42.006422 |
| soho.perslist.com | ❌ Down (Error) | None | N/A | 2025-03-24T04:55:42.006516 |
| wonder.dynx.me | ❌ Down (Error) | None | N/A | 2025-03-24T04:55:42.006616 |
| edu.42web.io | ❌ Down (Error) | None | N/A | 2025-03-24T04:55:42.006712 |
| std.great-site.net | ❌ Down (Error) | None | N/A | 2025-03-24T04:55:42.006809 |
| std.kesug.com | ❌ Down (Error) | None | N/A | 2025-03-24T04:55:42.006933 |
| zoon.wuaze.com | ❌ Down (Error) | None | N/A | 2025-03-24T04:55:42.007034 |
| chatz.lovestoblog.com | ❌ Down (Error) | None | N/A | 2025-03-24T04:55:42.007130 |
| zok.free.nf | ❌ Down (Error) | None | N/A | 2025-03-24T04:55:42.007230 |
| inwen.wuaze.com | ❌ Down (Error) | None | N/A | 2025-03-24T04:55:42.007324 |
| linwen.rf.gd | ❌ Down (Error) | None | N/A | 2025-03-24T04:55:42.007419 |
| edu.lovestoblog.com | ❌ Down (Error) | None | N/A | 2025-03-24T04:55:42.007513 |
| bre.cloudns.ch | ❌ Down (Error) | None | N/A | 2025-03-24T04:55:42.007607 |
| std.000.pe | ❌ Down (Error) | None | N/A | 2025-03-24T04:55:42.007700 |
| daiwen.infinityfreeapp.com | ❌ Down (Error) | None | N/A | 2025-03-24T04:55:42.007796 |
| educ.free.nf | ❌ Down (Error) | None | N/A | 2025-03-24T04:55:42.007928 |
| miao.dns-dynamic.net | ❌ Down (Error) | None | N/A | 2025-03-24T04:55:42.008033 |
| sch.cloudns.be | ❌ Down (Error) | None | N/A | 2025-03-24T04:55:42.008128 |
| si.cloudns.be | ❌ Down (Error) | None | N/A | 2025-03-24T04:55:42.008222 |
| skyo.dns-dynamic.net | ❌ Down (Error) | None | N/A | 2025-03-24T04:55:42.008317 |
| vp.cloudns.be | ❌ Down (Error) | None | N/A | 2025-03-24T04:55:42.008410 |
| zoot.unaux.com | ❌ Down (Error) | None | N/A | 2025-03-24T04:55:42.008503 |
| www.muppets.cloudns.ch | ❌ Down (Error) | None | N/A | 2025-03-24T04:55:42.008599 |
| clo.cloudns.be | ❌ Down (Error) | None | N/A | 2025-03-24T04:55:42.008692 |
| duf.cloudns.ch | ❌ Down (Error) | None | N/A | 2025-03-24T04:55:42.008786 |
| lzi.cloudns.ch | ❌ Down (Error) | None | N/A | 2025-03-24T04:55:42.008904 |
| muppets.cloudns.ch | ❌ Down (Error) | None | N/A | 2025-03-24T04:55:42.009013 |
| sen.cloudns.be | ❌ Down (Error) | None | N/A | 2025-03-24T04:55:42.009125 |
| uto.cloudns.ch | ❌ Down (Error) | None | N/A | 2025-03-24T04:55:42.009220 |
| vp.dns-dynamic.net | ❌ Down (Error) | None | N/A | 2025-03-24T04:55:42.009314 |
| edu.tkpk.cc | ❌ Down (Error) | None | N/A | 2025-03-24T04:55:42.009408 |
| edu.ezpz.work | ❌ Down (Error) | None | N/A | 2025-03-24T04:55:42.009507 |
| woshiwoyansebuya.cloudns.be | ❌ Down (Error) | None | N/A | 2025-03-24T04:55:42.009605 |
| shisi.dns-dynamic.net | ❌ Down (Error) | None | N/A | 2025-03-24T04:55:42.009706 |
| www.xiaomaomi.dns-dynamic.net | ❌ Down (Error) | None | N/A | 2025-03-24T04:55:42.009803 |
| www.yiluhuohuadaishadian.dns-dynamic.net | ❌ Down (Error) | None | N/A | 2025-03-24T04:55:42.009943 |
| www.liniang.cloudns.be | ❌ Down (Error) | None | N/A | 2025-03-24T04:55:42.010113 |
| cdy52.pages.dev | ❌ Down (Error) | None | N/A | 2025-03-24T04:55:42.010250 |
| xio.live-on.net | ❌ Down (Error) | None | N/A | 2025-03-24T04:55:42.010352 |
| xio.mydns.tw | ❌ Down (Error) | None | N/A | 2025-03-24T04:55:42.010452 |
| xio.keyword-on.net | ❌ Down (Error) | None | N/A | 2025-03-24T04:55:42.010551 |
| xio.wjg.jp | ❌ Down (Error) | None | N/A | 2025-03-24T04:55:42.010645 |
| woxy.xio.keyword-on.net | ❌ Down (Error) | None | N/A | 2025-03-24T04:55:42.010741 |
| stdu.nyc.mn | ❌ Down (Error) | None | N/A | 2025-03-24T04:55:42.010835 |
| mokin.nyc.mn | ❌ Down (Error) | None | N/A | 2025-03-24T04:55:42.010962 |
| jxio.nyc.mn | ❌ Down (Error) | None | N/A | 2025-03-24T04:55:42.011063 |
| veco.nyc.mn | ❌ Down (Error) | None | N/A | 2025-03-24T04:55:42.011158 |
| zoot.nyc.mn | ❌ Down (Error) | None | N/A | 2025-03-24T04:55:42.011254 |
| xisu.nyc.mn | ❌ Down (Error) | None | N/A | 2025-03-24T04:55:42.011350 |
| odbar.stdu.nyc.mn | ❌ Down (Error) | None | N/A | 2025-03-24T04:55:42.011454 |
| res.zoot.nyc.mn | ❌ Down (Error) | None | N/A | 2025-03-24T04:55:42.011551 |
| age.xisu.nyc.mn | ❌ Down (Error) | None | N/A | 2025-03-24T04:55:42.011649 |
| eolin.avisa.dedyn.io | ❌ Down (Error) | None | N/A | 2025-03-24T04:55:42.011745 |
| zoot.serv00.net | ❌ Down (Error) | None | N/A | 2025-03-24T04:55:42.011839 |
| gzols.serv00.net | ❌ Down (Error) | None | N/A | 2025-03-24T04:55:42.011954 |
| zko.xio.live-on.net | ❌ Down (Error) | None | N/A | 2025-03-24T04:55:42.012051 |
| zkc.xio.live-on.net | ❌ Down (Error) | None | N/A | 2025-03-24T04:55:42.012145 |
| voxy.xio.gleeze.com | ❌ Down (Error) | None | N/A | 2025-03-24T04:55:42.012238 |
| mo.stdu.3d.tc | ❌ Down (Error) | None | N/A | 2025-03-24T04:55:42.012341 |
| wxi.jxs.byinter.net | ❌ Down (Error) | None | N/A | 2025-03-24T04:55:42.012435 |
| xoy.zhozo.cloudns.ch | ❌ Down (Error) | None | N/A | 2025-03-24T04:55:42.012528 |
| wxio.edu.x24hr.com | ❌ Down (Error) | None | N/A | 2025-03-24T04:55:42.012622 |
| wxi-8k0.edu.x24hr.com | ❌ Down (Error) | None | N/A | 2025-03-24T04:55:42.012716 |
| wxi-yqc.edu.x24hr.com | ❌ Down (Error) | None | N/A | 2025-03-24T04:55:42.012809 |
| lon.lxuei.cloudns.be | ❌ Down (Error) | None | N/A | 2025-03-24T04:55:42.012932 |
| www.woloveyangqin.dns-dynamic.net | ❌ Down (Error) | None | N/A | 2025-03-24T04:55:42.013033 |
| www.vast.cloudns.ch | ❌ Down (Error) | None | N/A | 2025-03-24T04:55:42.013138 |
| www.visa.com.sg | ❌ Down (Error) | None | N/A | 2025-03-24T04:55:42.013230 |
| dxzk.jxsoc.cc.ua | ❌ Down (Error) | None | N/A | 2025-03-24T04:55:42.013326 |
| xfus.educ.cloudns.biz | ❌ Down (Error) | None | N/A | 2025-03-24T04:55:42.013430 |
| wxi-tns.edu.x24hr.com | ❌ Down (Error) | None | N/A | 2025-03-24T04:55:42.013529 |
| wxi-38a.edu.x24hr.com | ❌ Down (Error) | None | N/A | 2025-03-24T04:55:42.013624 |
| wxi-8fm.xio.longmusic.com | ❌ Down (Error) | None | N/A | 2025-03-24T04:55:42.013719 |
| xinxin-d4h.xio.longmusic.com | ❌ Down (Error) | None | N/A | 2025-03-24T04:55:42.013820 |
| www.cdue.cloudns.ch | ❌ Down (Error) | None | N/A | 2025-03-24T04:55:42.013936 |
| www.zto.cloudns.ch | ❌ Down (Error) | None | N/A | 2025-03-24T04:55:42.014035 |
| wxio.xio.zyns.com | ❌ Down (Error) | None | N/A | 2025-03-24T04:55:42.014131 |
| www.kaxin.cloudns.ch | ❌ Down (Error) | None | N/A | 2025-03-24T04:55:42.014225 |
| www.kenelm.cloudns.ch | ❌ Down (Error) | None | N/A | 2025-03-24T04:55:42.014320 |
| uedi.xio.zyns.com | ❌ Down (Error) | None | N/A | 2025-03-24T04:55:42.014413 |
| wxi.xio.zyns.com | ❌ Down (Error) | None | N/A | 2025-03-24T04:55:42.014507 |
| iufeu.xio.dynamic-dns.net | ❌ Down (Error) | None | N/A | 2025-03-24T04:55:42.014602 |
| www.bre.cloudns.ch | ❌ Down (Error) | None | N/A | 2025-03-24T04:55:42.014697 |
| iorfuy.xio.dynamic-dns.net | ❌ Down (Error) | None | N/A | 2025-03-24T04:55:42.014799 |
| www.diffireworks.cloudns.org | ❌ Down (Error) | None | N/A | 2025-03-24T04:55:42.014927 |
| gedu.xio.zzux.com | ❌ Down (Error) | None | N/A | 2025-03-24T04:55:42.015034 |
| owire.xio.zzux.com | ❌ Down (Error) | None | N/A | 2025-03-24T04:55:42.015131 |
| ie23.xio.zzux.com | ❌ Down (Error) | None | N/A | 2025-03-24T04:55:42.015225 |
| ewfhho.xio.zzux.com | ❌ Down (Error) | None | N/A | 2025-03-24T04:55:42.015321 |
| ofoi.xio.longmusic.com | ❌ Down (Error) | None | N/A | 2025-03-24T04:55:42.015415 |
| dbng.xio.longmusic.com | ❌ Down (Error) | None | N/A | 2025-03-24T04:55:42.015511 |
| iuwe.zote.rr.nu | ❌ Down (Error) | None | N/A | 2025-03-24T04:55:42.015606 |
| www.ven.cloudns.biz | ❌ Down (Error) | None | N/A | 2025-03-24T04:55:42.015700 |
| iuwe.stdue.dynv6.net | ❌ Down (Error) | None | N/A | 2025-03-24T04:55:42.015801 |
| xio.won.cc.ua | ❌ Down (Error) | None | N/A | 2025-03-24T04:55:42.015928 |
| cdy.jxs.dix.asia | ❌ Down (Error) | None | N/A | 2025-03-24T04:55:42.016090 |
| djgj.xio.mydns.tw | ❌ Down (Error) | None | N/A | 2025-03-24T04:55:42.016217 |
| ekq.xio.keyword-on.net | ❌ Down (Error) | None | N/A | 2025-03-24T04:55:42.016316 |
| i8xx.xio.wjg.jp | ❌ Down (Error) | None | N/A | 2025-03-24T04:55:42.016412 |
| rsboat.wox.us.kg | ❌ Down (Error) | None | N/A | 2025-03-24T04:55:42.016508 |
| gqhuo.jxios.dynv6.net | ❌ Down (Error) | None | N/A | 2025-03-24T04:55:42.016604 |
| kzze.lzhoo.v6.navy | ❌ Down (Error) | None | N/A | 2025-03-24T04:55:42.016698 |
| woxy.limkco.evai.pl | ❌ Down (Error) | None | N/A | 2025-03-24T04:55:42.016792 |
| pxyu.sohoo.v6.army | ❌ Down (Error) | None | N/A | 2025-03-24T04:55:42.016917 |
| zerd.sohoo.dns.navy | ❌ Down (Error) | None | N/A | 2025-03-24T04:55:42.017029 |
| zxi.sohoo.v6.navy | ❌ Down (Error) | None | N/A | 2025-03-24T04:55:42.017147 |
| kosti.xio.dynamic-dns.net | ❌ Down (Error) | None | N/A | 2025-03-24T04:55:42.017242 |
| mckd.edu.as19557.net | ❌ Down (Error) | None | N/A | 2025-03-24T04:55:42.017337 |
| mirt.edu.as19557.net | ❌ Down (Error) | None | N/A | 2025-03-24T04:55:42.017437 |
| mjsd.xio.itsaol.com | ❌ Down (Error) | None | N/A | 2025-03-24T04:55:42.017532 |
| nitay.edu.qpoe.com | ❌ Down (Error) | None | N/A | 2025-03-24T04:55:42.017626 |
| sctsz.zote.cloudns.org | ❌ Down (Error) | None | N/A | 2025-03-24T04:55:42.017720 |
| xjisd.educ.cloudns.biz | ❌ Down (Error) | None | N/A | 2025-03-24T04:55:42.017816 |
| wibl.zfo.dns-dynamic.net | ❌ Down (Error) | None | N/A | 2025-03-24T04:55:42.017942 |
| wzko.siv.cloudns.ph | ❌ Down (Error) | None | N/A | 2025-03-24T04:55:42.018040 |
| xswi.wwo.cloudns.nz | ❌ Down (Error) | None | N/A | 2025-03-24T04:55:42.018137 |
| zelm.vast.cloudns.ch | ❌ Down (Error) | None | N/A | 2025-03-24T04:55:42.018232 |
| kjus.xio.cloud-ip.biz | ❌ Down (Error) | None | N/A | 2025-03-24T04:55:42.018328 |
| gitxc.vip.ip-dynamic.org | ❌ Down (Error) | None | N/A | 2025-03-24T04:55:42.018422 |
| bayio.edu.dynx.me | ❌ Down (Error) | None | N/A | 2025-03-24T04:55:42.018517 |
| towa.xio.bolo.fyi | ❌ Down (Error) | None | N/A | 2025-03-24T04:55:42.018612 |
| suco.edu.ezpz.work | ❌ Down (Error) | None | N/A | 2025-03-24T04:55:42.018708 |
| wov.soho.lovedub.net | ❌ Down (Error) | None | N/A | 2025-03-24T04:55:42.018804 |
| zipn.soho.lbahq.com | ❌ Down (Error) | None | N/A | 2025-03-24T04:55:42.018926 |
| parp.xeo.dedyn.io | ❌ Down (Error) | None | N/A | 2025-03-24T04:55:42.019029 |
| agei.svip.app.tc | ❌ Down (Error) | None | N/A | 2025-03-24T04:55:42.019127 |
| baic.kuilut.tic.tc | ❌ Down (Error) | None | N/A | 2025-03-24T04:55:42.019236 |
| dziy.svip.blogu.tc | ❌ Down (Error) | None | N/A | 2025-03-24T04:55:42.019337 |
| flq.wwon.con.tc | ❌ Down (Error) | None | N/A | 2025-03-24T04:55:42.019433 |
| rowb.svip.san.tc | ❌ Down (Error) | None | N/A | 2025-03-24T04:55:42.019530 |
| itss.wxio.sitesi.tc | ❌ Down (Error) | None | N/A | 2025-03-24T04:55:42.019628 |
| sni=xn--rss272l.us.kg | ❌ Down (Error) | None | N/A | 2025-03-24T04:55:42.019724 |
| cxaz.sohoo.isgre.at | ❌ Down (Error) | None | N/A | 2025-03-24T04:55:42.019822 |
