# Website Status

Below is the latest status of monitored websites:

| URL | Status | Status Code | Response Time | Last Checked |
|-----|--------|-------------|---------------|--------------|
| https://pandora-vercel-one-nu.vercel.app | ✅ Up | 200 | 2269.87 ms | 2025-03-28T15:46:46.051230 |
| https://chat-beta-woad.vercel.app | ✅ Up | 200 | 2465.86 ms | 2025-03-28T15:46:48.517313 |
| https://chatgpt-ai-jet.vercel.app | ✅ Up | 200 | 64.09 ms | 2025-03-28T15:46:48.581584 |
| https://ai-assistant-five-theta.vercel.app | ✅ Up | 200 | 84.71 ms | 2025-03-28T15:46:48.666437 |
| http://zot.ydns.eu | ⚠️ Down (Status: 404) | 404 | 504.12 ms | 2025-03-28T15:46:49.170691 |
| http://poxy.ydns.eu | ✅ Up | 200 | 533.87 ms | 2025-03-28T15:46:49.704677 |
| http://long.ydns.eu | ⚠️ Down (Status: 404) | 404 | 564.72 ms | 2025-03-28T15:46:50.269514 |
| http://drv.ydns.eu | ✅ Up | 200 | 364.80 ms | 2025-03-28T15:46:50.634423 |
| cdue.cloudns.ch | ❌ Down (Error) | None | N/A | 2025-03-28T15:46:50.634716 |
| educ.cloudns.biz | ❌ Down (Error) | None | N/A | 2025-03-28T15:46:50.634879 |
| tau.cloudns.biz | ❌ Down (Error) | None | N/A | 2025-03-28T15:46:50.634995 |
| svip.cloudns.org | ❌ Down (Error) | None | N/A | 2025-03-28T15:46:50.635100 |
| zote.cloudns.org | ❌ Down (Error) | None | N/A | 2025-03-28T15:46:50.635201 |
| ven.cloudns.biz | ❌ Down (Error) | None | N/A | 2025-03-28T15:46:50.635303 |
| zfo.cloudns.org | ❌ Down (Error) | None | N/A | 2025-03-28T15:46:50.635451 |
| zfo.dns-dynamic.net | ❌ Down (Error) | None | N/A | 2025-03-28T15:46:50.635556 |
| diffireworks.cloudns.org | ❌ Down (Error) | None | N/A | 2025-03-28T15:46:50.635655 |
| vip.dns-dynamic.net | ❌ Down (Error) | None | N/A | 2025-03-28T15:46:50.635753 |
| dsk.cloudns.biz | ❌ Down (Error) | None | N/A | 2025-03-28T15:46:50.635849 |
| fox.dns-dynamic.net | ❌ Down (Error) | None | N/A | 2025-03-28T15:46:50.635994 |
| xiolin.dns-dynamic.net | ❌ Down (Error) | None | N/A | 2025-03-28T15:46:50.636099 |
| sac.cloudns.biz | ❌ Down (Error) | None | N/A | 2025-03-28T15:46:50.636196 |
| kaixin.cloudns.ch | ❌ Down (Error) | None | N/A | 2025-03-28T15:46:50.636322 |
| wwv.cloudns.be | ❌ Down (Error) | None | N/A | 2025-03-28T15:46:50.636442 |
| mov.cloudns.org | ❌ Down (Error) | None | N/A | 2025-03-28T15:46:50.636537 |
| pan.cloudns.org | ❌ Down (Error) | None | N/A | 2025-03-28T15:46:50.636633 |
| siv.cloudns.ph | ❌ Down (Error) | None | N/A | 2025-03-28T15:46:50.636727 |
| wwo.cloudns.nz | ❌ Down (Error) | None | N/A | 2025-03-28T15:46:50.636821 |
| std.cloudns.org | ❌ Down (Error) | None | N/A | 2025-03-28T15:46:50.636914 |
| vercel.dns-dynamic.net | ❌ Down (Error) | None | N/A | 2025-03-28T15:46:50.637007 |
| virgo.cloudns.biz | ❌ Down (Error) | None | N/A | 2025-03-28T15:46:50.637111 |
| wwo.cloudns.ch | ❌ Down (Error) | None | N/A | 2025-03-28T15:46:50.637207 |
| vx.cloudns.ch | ❌ Down (Error) | None | N/A | 2025-03-28T15:46:50.637301 |
| kenelm.cloudns.ch | ❌ Down (Error) | None | N/A | 2025-03-28T15:46:50.637420 |
| beer.dns-dynamic.net | ❌ Down (Error) | None | N/A | 2025-03-28T15:46:50.637520 |
| vast.cloudns.ch | ❌ Down (Error) | None | N/A | 2025-03-28T15:46:50.637615 |
| vice.cloudns.be | ❌ Down (Error) | None | N/A | 2025-03-28T15:46:50.637710 |
| ipen.eu.org | ❌ Down (Error) | None | N/A | 2025-03-28T15:46:50.637804 |
| kaxoi.eu.org | ❌ Down (Error) | None | N/A | 2025-03-28T15:46:50.637898 |
| kcoco.eu.org | ❌ Down (Error) | None | N/A | 2025-03-28T15:46:50.637996 |
| linqin.eu.org | ❌ Down (Error) | None | N/A | 2025-03-28T15:46:50.638091 |
| ricpig.eu.org | ❌ Down (Error) | None | N/A | 2025-03-28T15:46:50.638185 |
| skvip.eu.org | ❌ Down (Error) | None | N/A | 2025-03-28T15:46:50.638282 |
| skyle.eu.org | ❌ Down (Error) | None | N/A | 2025-03-28T15:46:50.638394 |
| suke.eu.org | ❌ Down (Error) | None | N/A | 2025-03-28T15:46:50.638492 |
| vercl.eu.org | ❌ Down (Error) | None | N/A | 2025-03-28T15:46:50.638591 |
| vipn.eu.org | ❌ Down (Error) | None | N/A | 2025-03-28T15:46:50.638687 |
| wvvp.eu.org | ❌ Down (Error) | None | N/A | 2025-03-28T15:46:50.638782 |
| ipzo.eu.org | ❌ Down (Error) | None | N/A | 2025-03-28T15:46:50.638875 |
| linqing.eu.org | ❌ Down (Error) | None | N/A | 2025-03-28T15:46:50.638972 |
| stds.eu.org | ❌ Down (Error) | None | N/A | 2025-03-28T15:46:50.639067 |
| viko.eu.org | ❌ Down (Error) | None | N/A | 2025-03-28T15:46:50.639160 |
| vipk.eu.org | ❌ Down (Error) | None | N/A | 2025-03-28T15:46:50.639253 |
| xongan.eu.org | ❌ Down (Error) | None | N/A | 2025-03-28T15:46:50.639371 |
| zosx.eu.org | ❌ Down (Error) | None | N/A | 2025-03-28T15:46:50.639486 |
| zot.dedyn.io | ❌ Down (Error) | None | N/A | 2025-03-28T15:46:50.639582 |
| xeo.dedyn.io | ❌ Down (Error) | None | N/A | 2025-03-28T15:46:50.639676 |
| std.dedyn.io | ❌ Down (Error) | None | N/A | 2025-03-28T15:46:50.639770 |
| xio.edu.publicvm.com | ❌ Down (Error) | None | N/A | 2025-03-28T15:46:50.639864 |
| xio.jxsio.v6.army | ❌ Down (Error) | None | N/A | 2025-03-28T15:46:50.639958 |
| xioo.jxios.dynv6.net | ❌ Down (Error) | None | N/A | 2025-03-28T15:46:50.640050 |
| xioo.kaxoi.eu.org | ❌ Down (Error) | None | N/A | 2025-03-28T15:46:50.640151 |
| xioo.wwo.cloudns.nz | ❌ Down (Error) | None | N/A | 2025-03-28T15:46:50.640244 |
| xio.siv.cloudns.ph | ❌ Down (Error) | None | N/A | 2025-03-28T15:46:50.640338 |
| xio.std.cloudns.ch | ❌ Down (Error) | None | N/A | 2025-03-28T15:46:50.640457 |
| xio.vip.dns-dynamic.net | ❌ Down (Error) | None | N/A | 2025-03-28T15:46:50.640560 |
| xio.zon.byinter.net | ❌ Down (Error) | None | N/A | 2025-03-28T15:46:50.640741 |
| xio.zoot.myfw.us | ❌ Down (Error) | None | N/A | 2025-03-28T15:46:50.640894 |
| xio.gzos.link | ❌ Down (Error) | None | N/A | 2025-03-28T15:46:50.641047 |
| xioo.educ.line.pm | ❌ Down (Error) | None | N/A | 2025-03-28T15:46:50.641195 |
| xio.sac.cloudns.biz | ❌ Down (Error) | None | N/A | 2025-03-28T15:46:50.641362 |
| xio.std.cloudns.org | ❌ Down (Error) | None | N/A | 2025-03-28T15:46:50.641521 |
| xio.std.kesug.com | ❌ Down (Error) | None | N/A | 2025-03-28T15:46:50.641668 |
| xio.stu.loveslife.biz | ❌ Down (Error) | None | N/A | 2025-03-28T15:46:50.641809 |
| xio.wwv.cloudns.be | ❌ Down (Error) | None | N/A | 2025-03-28T15:46:50.641948 |
| xio.xeo.dedyn.io | ❌ Down (Error) | None | N/A | 2025-03-28T15:46:50.642086 |
| xio.xiaohhh.xyz | ❌ Down (Error) | None | N/A | 2025-03-28T15:46:50.642225 |
| xio.zoten.onflashdrive.app | ❌ Down (Error) | None | N/A | 2025-03-28T15:46:50.642385 |
| xio.gzos.rr.nu | ❌ Down (Error) | None | N/A | 2025-03-28T15:46:50.642529 |
| xio.lzhoo.v6.navy | ❌ Down (Error) | None | N/A | 2025-03-28T15:46:50.642667 |
| xio.std.000.pe | ❌ Down (Error) | None | N/A | 2025-03-28T15:46:50.642805 |
| xio.wwvio.dns.army | ❌ Down (Error) | None | N/A | 2025-03-28T15:46:50.642943 |
| xio.zon.lookin.at | ❌ Down (Error) | None | N/A | 2025-03-28T15:46:50.643080 |
| xio.zon.myredirect.us | ❌ Down (Error) | None | N/A | 2025-03-28T15:46:50.643217 |
| xio.zos.22web.org | ❌ Down (Error) | None | N/A | 2025-03-28T15:46:50.643385 |
| xio.zot.rf.gd | ❌ Down (Error) | None | N/A | 2025-03-28T15:46:50.643530 |
| xio.zoxte.v6.army | ❌ Down (Error) | None | N/A | 2025-03-28T15:46:50.643671 |
| xio.zoxte.v6.rocks | ❌ Down (Error) | None | N/A | 2025-03-28T15:46:50.643808 |
| xio.soho.lovedub.net | ❌ Down (Error) | None | N/A | 2025-03-28T15:46:50.643950 |
| xio.xn--ebbpo8a.xn--y9a3aq | ❌ Down (Error) | None | N/A | 2025-03-28T15:46:50.644091 |
| xio.zoxte.dns.navy | ❌ Down (Error) | None | N/A | 2025-03-28T15:46:50.644227 |
| soho.perslist.com | ❌ Down (Error) | None | N/A | 2025-03-28T15:46:50.644385 |
| wonder.dynx.me | ❌ Down (Error) | None | N/A | 2025-03-28T15:46:50.644536 |
| edu.42web.io | ❌ Down (Error) | None | N/A | 2025-03-28T15:46:50.644675 |
| std.great-site.net | ❌ Down (Error) | None | N/A | 2025-03-28T15:46:50.644814 |
| std.kesug.com | ❌ Down (Error) | None | N/A | 2025-03-28T15:46:50.644951 |
| zoon.wuaze.com | ❌ Down (Error) | None | N/A | 2025-03-28T15:46:50.645089 |
| chatz.lovestoblog.com | ❌ Down (Error) | None | N/A | 2025-03-28T15:46:50.645228 |
| zok.free.nf | ❌ Down (Error) | None | N/A | 2025-03-28T15:46:50.645396 |
| inwen.wuaze.com | ❌ Down (Error) | None | N/A | 2025-03-28T15:46:50.645539 |
| linwen.rf.gd | ❌ Down (Error) | None | N/A | 2025-03-28T15:46:50.645678 |
| edu.lovestoblog.com | ❌ Down (Error) | None | N/A | 2025-03-28T15:46:50.645817 |
| bre.cloudns.ch | ❌ Down (Error) | None | N/A | 2025-03-28T15:46:50.645955 |
| std.000.pe | ❌ Down (Error) | None | N/A | 2025-03-28T15:46:50.646092 |
| daiwen.infinityfreeapp.com | ❌ Down (Error) | None | N/A | 2025-03-28T15:46:50.646231 |
| educ.free.nf | ❌ Down (Error) | None | N/A | 2025-03-28T15:46:50.646387 |
| miao.dns-dynamic.net | ❌ Down (Error) | None | N/A | 2025-03-28T15:46:50.646529 |
| sch.cloudns.be | ❌ Down (Error) | None | N/A | 2025-03-28T15:46:50.646667 |
| si.cloudns.be | ❌ Down (Error) | None | N/A | 2025-03-28T15:46:50.646804 |
| skyo.dns-dynamic.net | ❌ Down (Error) | None | N/A | 2025-03-28T15:46:50.646943 |
| vp.cloudns.be | ❌ Down (Error) | None | N/A | 2025-03-28T15:46:50.647081 |
| zoot.unaux.com | ❌ Down (Error) | None | N/A | 2025-03-28T15:46:50.647218 |
| www.muppets.cloudns.ch | ❌ Down (Error) | None | N/A | 2025-03-28T15:46:50.647377 |
| clo.cloudns.be | ❌ Down (Error) | None | N/A | 2025-03-28T15:46:50.647534 |
| duf.cloudns.ch | ❌ Down (Error) | None | N/A | 2025-03-28T15:46:50.647677 |
| lzi.cloudns.ch | ❌ Down (Error) | None | N/A | 2025-03-28T15:46:50.647816 |
| muppets.cloudns.ch | ❌ Down (Error) | None | N/A | 2025-03-28T15:46:50.647955 |
| sen.cloudns.be | ❌ Down (Error) | None | N/A | 2025-03-28T15:46:50.648099 |
| uto.cloudns.ch | ❌ Down (Error) | None | N/A | 2025-03-28T15:46:50.648238 |
| vp.dns-dynamic.net | ❌ Down (Error) | None | N/A | 2025-03-28T15:46:50.648401 |
| edu.tkpk.cc | ❌ Down (Error) | None | N/A | 2025-03-28T15:46:50.648545 |
| edu.ezpz.work | ❌ Down (Error) | None | N/A | 2025-03-28T15:46:50.648685 |
| woshiwoyansebuya.cloudns.be | ❌ Down (Error) | None | N/A | 2025-03-28T15:46:50.648824 |
| shisi.dns-dynamic.net | ❌ Down (Error) | None | N/A | 2025-03-28T15:46:50.648973 |
| www.xiaomaomi.dns-dynamic.net | ❌ Down (Error) | None | N/A | 2025-03-28T15:46:50.649113 |
| www.yiluhuohuadaishadian.dns-dynamic.net | ❌ Down (Error) | None | N/A | 2025-03-28T15:46:50.649255 |
| www.liniang.cloudns.be | ❌ Down (Error) | None | N/A | 2025-03-28T15:46:50.649447 |
| cdy52.pages.dev | ❌ Down (Error) | None | N/A | 2025-03-28T15:46:50.649590 |
| xio.live-on.net | ❌ Down (Error) | None | N/A | 2025-03-28T15:46:50.649729 |
| xio.mydns.tw | ❌ Down (Error) | None | N/A | 2025-03-28T15:46:50.649872 |
| xio.keyword-on.net | ❌ Down (Error) | None | N/A | 2025-03-28T15:46:50.650009 |
| xio.wjg.jp | ❌ Down (Error) | None | N/A | 2025-03-28T15:46:50.650144 |
| woxy.xio.keyword-on.net | ❌ Down (Error) | None | N/A | 2025-03-28T15:46:50.650281 |
| stdu.nyc.mn | ❌ Down (Error) | None | N/A | 2025-03-28T15:46:50.650443 |
| mokin.nyc.mn | ❌ Down (Error) | None | N/A | 2025-03-28T15:46:50.650583 |
| jxio.nyc.mn | ❌ Down (Error) | None | N/A | 2025-03-28T15:46:50.650726 |
| veco.nyc.mn | ❌ Down (Error) | None | N/A | 2025-03-28T15:46:50.650866 |
| zoot.nyc.mn | ❌ Down (Error) | None | N/A | 2025-03-28T15:46:50.651001 |
| xisu.nyc.mn | ❌ Down (Error) | None | N/A | 2025-03-28T15:46:50.651137 |
| odbar.stdu.nyc.mn | ❌ Down (Error) | None | N/A | 2025-03-28T15:46:50.651280 |
| res.zoot.nyc.mn | ❌ Down (Error) | None | N/A | 2025-03-28T15:46:50.651441 |
| age.xisu.nyc.mn | ❌ Down (Error) | None | N/A | 2025-03-28T15:46:50.651587 |
| eolin.avisa.dedyn.io | ❌ Down (Error) | None | N/A | 2025-03-28T15:46:50.651735 |
| zoot.serv00.net | ❌ Down (Error) | None | N/A | 2025-03-28T15:46:50.651879 |
| gzols.serv00.net | ❌ Down (Error) | None | N/A | 2025-03-28T15:46:50.652018 |
| zko.xio.live-on.net | ❌ Down (Error) | None | N/A | 2025-03-28T15:46:50.652153 |
| zkc.xio.live-on.net | ❌ Down (Error) | None | N/A | 2025-03-28T15:46:50.652290 |
| voxy.xio.gleeze.com | ❌ Down (Error) | None | N/A | 2025-03-28T15:46:50.652448 |
| mo.stdu.3d.tc | ❌ Down (Error) | None | N/A | 2025-03-28T15:46:50.652588 |
| wxi.jxs.byinter.net | ❌ Down (Error) | None | N/A | 2025-03-28T15:46:50.652726 |
| xoy.zhozo.cloudns.ch | ❌ Down (Error) | None | N/A | 2025-03-28T15:46:50.652862 |
| wxio.edu.x24hr.com | ❌ Down (Error) | None | N/A | 2025-03-28T15:46:50.652998 |
| wxi-8k0.edu.x24hr.com | ❌ Down (Error) | None | N/A | 2025-03-28T15:46:50.653132 |
| wxi-yqc.edu.x24hr.com | ❌ Down (Error) | None | N/A | 2025-03-28T15:46:50.653270 |
| lon.lxuei.cloudns.be | ❌ Down (Error) | None | N/A | 2025-03-28T15:46:50.653430 |
| www.woloveyangqin.dns-dynamic.net | ❌ Down (Error) | None | N/A | 2025-03-28T15:46:50.653571 |
| www.vast.cloudns.ch | ❌ Down (Error) | None | N/A | 2025-03-28T15:46:50.653710 |
| www.visa.com.sg | ❌ Down (Error) | None | N/A | 2025-03-28T15:46:50.653847 |
| dxzk.jxsoc.cc.ua | ❌ Down (Error) | None | N/A | 2025-03-28T15:46:50.653987 |
| xfus.educ.cloudns.biz | ❌ Down (Error) | None | N/A | 2025-03-28T15:46:50.654131 |
| wxi-tns.edu.x24hr.com | ❌ Down (Error) | None | N/A | 2025-03-28T15:46:50.654271 |
| wxi-38a.edu.x24hr.com | ❌ Down (Error) | None | N/A | 2025-03-28T15:46:50.654435 |
| wxi-8fm.xio.longmusic.com | ❌ Down (Error) | None | N/A | 2025-03-28T15:46:50.654539 |
| xinxin-d4h.xio.longmusic.com | ❌ Down (Error) | None | N/A | 2025-03-28T15:46:50.654642 |
| www.cdue.cloudns.ch | ❌ Down (Error) | None | N/A | 2025-03-28T15:46:50.654738 |
| www.zto.cloudns.ch | ❌ Down (Error) | None | N/A | 2025-03-28T15:46:50.654832 |
| wxio.xio.zyns.com | ❌ Down (Error) | None | N/A | 2025-03-28T15:46:50.654927 |
| www.kaxin.cloudns.ch | ❌ Down (Error) | None | N/A | 2025-03-28T15:46:50.655020 |
| www.kenelm.cloudns.ch | ❌ Down (Error) | None | N/A | 2025-03-28T15:46:50.655112 |
| uedi.xio.zyns.com | ❌ Down (Error) | None | N/A | 2025-03-28T15:46:50.655205 |
| wxi.xio.zyns.com | ❌ Down (Error) | None | N/A | 2025-03-28T15:46:50.655296 |
| iufeu.xio.dynamic-dns.net | ❌ Down (Error) | None | N/A | 2025-03-28T15:46:50.655417 |
| www.bre.cloudns.ch | ❌ Down (Error) | None | N/A | 2025-03-28T15:46:50.655517 |
| iorfuy.xio.dynamic-dns.net | ❌ Down (Error) | None | N/A | 2025-03-28T15:46:50.655613 |
| www.diffireworks.cloudns.org | ❌ Down (Error) | None | N/A | 2025-03-28T15:46:50.655709 |
| gedu.xio.zzux.com | ❌ Down (Error) | None | N/A | 2025-03-28T15:46:50.655809 |
| owire.xio.zzux.com | ❌ Down (Error) | None | N/A | 2025-03-28T15:46:50.655903 |
| ie23.xio.zzux.com | ❌ Down (Error) | None | N/A | 2025-03-28T15:46:50.656000 |
| ewfhho.xio.zzux.com | ❌ Down (Error) | None | N/A | 2025-03-28T15:46:50.656094 |
| ofoi.xio.longmusic.com | ❌ Down (Error) | None | N/A | 2025-03-28T15:46:50.656188 |
| dbng.xio.longmusic.com | ❌ Down (Error) | None | N/A | 2025-03-28T15:46:50.656284 |
| iuwe.zote.rr.nu | ❌ Down (Error) | None | N/A | 2025-03-28T15:46:50.656400 |
| www.ven.cloudns.biz | ❌ Down (Error) | None | N/A | 2025-03-28T15:46:50.656499 |
| iuwe.stdue.dynv6.net | ❌ Down (Error) | None | N/A | 2025-03-28T15:46:50.656597 |
| xio.won.cc.ua | ❌ Down (Error) | None | N/A | 2025-03-28T15:46:50.656693 |
| cdy.jxs.dix.asia | ❌ Down (Error) | None | N/A | 2025-03-28T15:46:50.656855 |
| djgj.xio.mydns.tw | ❌ Down (Error) | None | N/A | 2025-03-28T15:46:50.656973 |
| ekq.xio.keyword-on.net | ❌ Down (Error) | None | N/A | 2025-03-28T15:46:50.657072 |
| i8xx.xio.wjg.jp | ❌ Down (Error) | None | N/A | 2025-03-28T15:46:50.657166 |
| rsboat.wox.us.kg | ❌ Down (Error) | None | N/A | 2025-03-28T15:46:50.657260 |
| gqhuo.jxios.dynv6.net | ❌ Down (Error) | None | N/A | 2025-03-28T15:46:50.657371 |
| kzze.lzhoo.v6.navy | ❌ Down (Error) | None | N/A | 2025-03-28T15:46:50.657475 |
| woxy.limkco.evai.pl | ❌ Down (Error) | None | N/A | 2025-03-28T15:46:50.657569 |
| pxyu.sohoo.v6.army | ❌ Down (Error) | None | N/A | 2025-03-28T15:46:50.657664 |
| zerd.sohoo.dns.navy | ❌ Down (Error) | None | N/A | 2025-03-28T15:46:50.657758 |
| zxi.sohoo.v6.navy | ❌ Down (Error) | None | N/A | 2025-03-28T15:46:50.657852 |
| kosti.xio.dynamic-dns.net | ❌ Down (Error) | None | N/A | 2025-03-28T15:46:50.657948 |
| mckd.edu.as19557.net | ❌ Down (Error) | None | N/A | 2025-03-28T15:46:50.658042 |
| mirt.edu.as19557.net | ❌ Down (Error) | None | N/A | 2025-03-28T15:46:50.658143 |
| mjsd.xio.itsaol.com | ❌ Down (Error) | None | N/A | 2025-03-28T15:46:50.658238 |
| nitay.edu.qpoe.com | ❌ Down (Error) | None | N/A | 2025-03-28T15:46:50.658331 |
| sctsz.zote.cloudns.org | ❌ Down (Error) | None | N/A | 2025-03-28T15:46:50.658448 |
| xjisd.educ.cloudns.biz | ❌ Down (Error) | None | N/A | 2025-03-28T15:46:50.658546 |
| wibl.zfo.dns-dynamic.net | ❌ Down (Error) | None | N/A | 2025-03-28T15:46:50.658641 |
| wzko.siv.cloudns.ph | ❌ Down (Error) | None | N/A | 2025-03-28T15:46:50.658735 |
| xswi.wwo.cloudns.nz | ❌ Down (Error) | None | N/A | 2025-03-28T15:46:50.658830 |
| zelm.vast.cloudns.ch | ❌ Down (Error) | None | N/A | 2025-03-28T15:46:50.658923 |
| kjus.xio.cloud-ip.biz | ❌ Down (Error) | None | N/A | 2025-03-28T15:46:50.659017 |
| gitxc.vip.ip-dynamic.org | ❌ Down (Error) | None | N/A | 2025-03-28T15:46:50.659110 |
| bayio.edu.dynx.me | ❌ Down (Error) | None | N/A | 2025-03-28T15:46:50.659202 |
| towa.xio.bolo.fyi | ❌ Down (Error) | None | N/A | 2025-03-28T15:46:50.659296 |
| suco.edu.ezpz.work | ❌ Down (Error) | None | N/A | 2025-03-28T15:46:50.659410 |
| wov.soho.lovedub.net | ❌ Down (Error) | None | N/A | 2025-03-28T15:46:50.659509 |
| zipn.soho.lbahq.com | ❌ Down (Error) | None | N/A | 2025-03-28T15:46:50.659604 |
| parp.xeo.dedyn.io | ❌ Down (Error) | None | N/A | 2025-03-28T15:46:50.659698 |
| agei.svip.app.tc | ❌ Down (Error) | None | N/A | 2025-03-28T15:46:50.659793 |
| baic.kuilut.tic.tc | ❌ Down (Error) | None | N/A | 2025-03-28T15:46:50.659886 |
| dziy.svip.blogu.tc | ❌ Down (Error) | None | N/A | 2025-03-28T15:46:50.659988 |
| flq.wwon.con.tc | ❌ Down (Error) | None | N/A | 2025-03-28T15:46:50.660105 |
| rowb.svip.san.tc | ❌ Down (Error) | None | N/A | 2025-03-28T15:46:50.660210 |
| itss.wxio.sitesi.tc | ❌ Down (Error) | None | N/A | 2025-03-28T15:46:50.660308 |
| sni=xn--rss272l.us.kg | ❌ Down (Error) | None | N/A | 2025-03-28T15:46:50.660428 |
| cxaz.sohoo.isgre.at | ❌ Down (Error) | None | N/A | 2025-03-28T15:46:50.660530 |
| subi.zone.id | ❌ Down (Error) | None | N/A | 2025-03-28T15:46:50.660898 |
| muzic.zone.id | ❌ Down (Error) | None | N/A | 2025-03-28T15:46:50.660997 |
