# Website Status

Below is the latest status of monitored websites:

| URL | Status | Status Code | Response Time | Last Checked |
|-----|--------|-------------|---------------|--------------|
| https://pandora-vercel-one-nu.vercel.app | ✅ Up | 200 | 2562.85 ms | 2025-03-26T10:55:38.146060 |
| https://chat-beta-woad.vercel.app | ✅ Up | 200 | 1755.87 ms | 2025-03-26T10:55:39.902150 |
| https://chatgpt-ai-jet.vercel.app | ✅ Up | 200 | 108.21 ms | 2025-03-26T10:55:40.010539 |
| https://ai-assistant-five-theta.vercel.app | ✅ Up | 200 | 79.88 ms | 2025-03-26T10:55:40.090559 |
| http://zot.ydns.eu | ⚠️ Down (Status: 404) | 404 | 508.42 ms | 2025-03-26T10:55:40.599104 |
| http://poxy.ydns.eu | ✅ Up | 200 | 599.86 ms | 2025-03-26T10:55:41.199059 |
| http://long.ydns.eu | ⚠️ Down (Status: 404) | 404 | 520.72 ms | 2025-03-26T10:55:41.719881 |
| http://drv.ydns.eu | ✅ Up | 200 | 381.27 ms | 2025-03-26T10:55:42.101262 |
| cdue.cloudns.ch | ❌ Down (Error) | None | N/A | 2025-03-26T10:55:42.101599 |
| educ.cloudns.biz | ❌ Down (Error) | None | N/A | 2025-03-26T10:55:42.101812 |
| tau.cloudns.biz | ❌ Down (Error) | None | N/A | 2025-03-26T10:55:42.101989 |
| svip.cloudns.org | ❌ Down (Error) | None | N/A | 2025-03-26T10:55:42.102150 |
| zote.cloudns.org | ❌ Down (Error) | None | N/A | 2025-03-26T10:55:42.102330 |
| ven.cloudns.biz | ❌ Down (Error) | None | N/A | 2025-03-26T10:55:42.102444 |
| zfo.cloudns.org | ❌ Down (Error) | None | N/A | 2025-03-26T10:55:42.102555 |
| zfo.dns-dynamic.net | ❌ Down (Error) | None | N/A | 2025-03-26T10:55:42.102657 |
| diffireworks.cloudns.org | ❌ Down (Error) | None | N/A | 2025-03-26T10:55:42.102755 |
| vip.dns-dynamic.net | ❌ Down (Error) | None | N/A | 2025-03-26T10:55:42.102884 |
| dsk.cloudns.biz | ❌ Down (Error) | None | N/A | 2025-03-26T10:55:42.102983 |
| fox.dns-dynamic.net | ❌ Down (Error) | None | N/A | 2025-03-26T10:55:42.103079 |
| xiolin.dns-dynamic.net | ❌ Down (Error) | None | N/A | 2025-03-26T10:55:42.103174 |
| sac.cloudns.biz | ❌ Down (Error) | None | N/A | 2025-03-26T10:55:42.103268 |
| kaixin.cloudns.ch | ❌ Down (Error) | None | N/A | 2025-03-26T10:55:42.103367 |
| wwv.cloudns.be | ❌ Down (Error) | None | N/A | 2025-03-26T10:55:42.103460 |
| mov.cloudns.org | ❌ Down (Error) | None | N/A | 2025-03-26T10:55:42.103556 |
| pan.cloudns.org | ❌ Down (Error) | None | N/A | 2025-03-26T10:55:42.103652 |
| siv.cloudns.ph | ❌ Down (Error) | None | N/A | 2025-03-26T10:55:42.103745 |
| wwo.cloudns.nz | ❌ Down (Error) | None | N/A | 2025-03-26T10:55:42.103858 |
| std.cloudns.org | ❌ Down (Error) | None | N/A | 2025-03-26T10:55:42.103953 |
| vercel.dns-dynamic.net | ❌ Down (Error) | None | N/A | 2025-03-26T10:55:42.104046 |
| virgo.cloudns.biz | ❌ Down (Error) | None | N/A | 2025-03-26T10:55:42.104150 |
| wwo.cloudns.ch | ❌ Down (Error) | None | N/A | 2025-03-26T10:55:42.104245 |
| vx.cloudns.ch | ❌ Down (Error) | None | N/A | 2025-03-26T10:55:42.104339 |
| kenelm.cloudns.ch | ❌ Down (Error) | None | N/A | 2025-03-26T10:55:42.104435 |
| beer.dns-dynamic.net | ❌ Down (Error) | None | N/A | 2025-03-26T10:55:42.104528 |
| vast.cloudns.ch | ❌ Down (Error) | None | N/A | 2025-03-26T10:55:42.104621 |
| vice.cloudns.be | ❌ Down (Error) | None | N/A | 2025-03-26T10:55:42.104712 |
| ipen.eu.org | ❌ Down (Error) | None | N/A | 2025-03-26T10:55:42.104823 |
| kaxoi.eu.org | ❌ Down (Error) | None | N/A | 2025-03-26T10:55:42.104919 |
| kcoco.eu.org | ❌ Down (Error) | None | N/A | 2025-03-26T10:55:42.105016 |
| linqin.eu.org | ❌ Down (Error) | None | N/A | 2025-03-26T10:55:42.105109 |
| ricpig.eu.org | ❌ Down (Error) | None | N/A | 2025-03-26T10:55:42.105201 |
| skvip.eu.org | ❌ Down (Error) | None | N/A | 2025-03-26T10:55:42.105298 |
| skyle.eu.org | ❌ Down (Error) | None | N/A | 2025-03-26T10:55:42.105390 |
| suke.eu.org | ❌ Down (Error) | None | N/A | 2025-03-26T10:55:42.105481 |
| vercl.eu.org | ❌ Down (Error) | None | N/A | 2025-03-26T10:55:42.105573 |
| vipn.eu.org | ❌ Down (Error) | None | N/A | 2025-03-26T10:55:42.105665 |
| wvvp.eu.org | ❌ Down (Error) | None | N/A | 2025-03-26T10:55:42.105756 |
| ipzo.eu.org | ❌ Down (Error) | None | N/A | 2025-03-26T10:55:42.105866 |
| linqing.eu.org | ❌ Down (Error) | None | N/A | 2025-03-26T10:55:42.105970 |
| stds.eu.org | ❌ Down (Error) | None | N/A | 2025-03-26T10:55:42.106064 |
| viko.eu.org | ❌ Down (Error) | None | N/A | 2025-03-26T10:55:42.106156 |
| vipk.eu.org | ❌ Down (Error) | None | N/A | 2025-03-26T10:55:42.106256 |
| xongan.eu.org | ❌ Down (Error) | None | N/A | 2025-03-26T10:55:42.106353 |
| zosx.eu.org | ❌ Down (Error) | None | N/A | 2025-03-26T10:55:42.106448 |
| zot.dedyn.io | ❌ Down (Error) | None | N/A | 2025-03-26T10:55:42.106539 |
| xeo.dedyn.io | ❌ Down (Error) | None | N/A | 2025-03-26T10:55:42.106629 |
| std.dedyn.io | ❌ Down (Error) | None | N/A | 2025-03-26T10:55:42.106720 |
| xio.edu.publicvm.com | ❌ Down (Error) | None | N/A | 2025-03-26T10:55:42.106833 |
| xio.jxsio.v6.army | ❌ Down (Error) | None | N/A | 2025-03-26T10:55:42.106928 |
| xioo.jxios.dynv6.net | ❌ Down (Error) | None | N/A | 2025-03-26T10:55:42.107021 |
| xioo.kaxoi.eu.org | ❌ Down (Error) | None | N/A | 2025-03-26T10:55:42.107118 |
| xioo.wwo.cloudns.nz | ❌ Down (Error) | None | N/A | 2025-03-26T10:55:42.107210 |
| xio.siv.cloudns.ph | ❌ Down (Error) | None | N/A | 2025-03-26T10:55:42.107302 |
| xio.std.cloudns.ch | ❌ Down (Error) | None | N/A | 2025-03-26T10:55:42.107393 |
| xio.vip.dns-dynamic.net | ❌ Down (Error) | None | N/A | 2025-03-26T10:55:42.107485 |
| xio.zon.byinter.net | ❌ Down (Error) | None | N/A | 2025-03-26T10:55:42.107636 |
| xio.zoot.myfw.us | ❌ Down (Error) | None | N/A | 2025-03-26T10:55:42.107803 |
| xio.gzos.link | ❌ Down (Error) | None | N/A | 2025-03-26T10:55:42.107922 |
| xioo.educ.line.pm | ❌ Down (Error) | None | N/A | 2025-03-26T10:55:42.108018 |
| xio.sac.cloudns.biz | ❌ Down (Error) | None | N/A | 2025-03-26T10:55:42.108117 |
| xio.std.cloudns.org | ❌ Down (Error) | None | N/A | 2025-03-26T10:55:42.108212 |
| xio.std.kesug.com | ❌ Down (Error) | None | N/A | 2025-03-26T10:55:42.108305 |
| xio.stu.loveslife.biz | ❌ Down (Error) | None | N/A | 2025-03-26T10:55:42.108397 |
| xio.wwv.cloudns.be | ❌ Down (Error) | None | N/A | 2025-03-26T10:55:42.108520 |
| xio.xeo.dedyn.io | ❌ Down (Error) | None | N/A | 2025-03-26T10:55:42.108672 |
| xio.xiaohhh.xyz | ❌ Down (Error) | None | N/A | 2025-03-26T10:55:42.108842 |
| xio.zoten.onflashdrive.app | ❌ Down (Error) | None | N/A | 2025-03-26T10:55:42.108987 |
| xio.gzos.rr.nu | ❌ Down (Error) | None | N/A | 2025-03-26T10:55:42.109127 |
| xio.lzhoo.v6.navy | ❌ Down (Error) | None | N/A | 2025-03-26T10:55:42.109264 |
| xio.std.000.pe | ❌ Down (Error) | None | N/A | 2025-03-26T10:55:42.109404 |
| xio.wwvio.dns.army | ❌ Down (Error) | None | N/A | 2025-03-26T10:55:42.109543 |
| xio.zon.lookin.at | ❌ Down (Error) | None | N/A | 2025-03-26T10:55:42.109682 |
| xio.zon.myredirect.us | ❌ Down (Error) | None | N/A | 2025-03-26T10:55:42.109841 |
| xio.zos.22web.org | ❌ Down (Error) | None | N/A | 2025-03-26T10:55:42.109983 |
| xio.zot.rf.gd | ❌ Down (Error) | None | N/A | 2025-03-26T10:55:42.110118 |
| xio.zoxte.v6.army | ❌ Down (Error) | None | N/A | 2025-03-26T10:55:42.110253 |
| xio.zoxte.v6.rocks | ❌ Down (Error) | None | N/A | 2025-03-26T10:55:42.110390 |
| xio.soho.lovedub.net | ❌ Down (Error) | None | N/A | 2025-03-26T10:55:42.110542 |
| xio.xn--ebbpo8a.xn--y9a3aq | ❌ Down (Error) | None | N/A | 2025-03-26T10:55:42.110683 |
| xio.zoxte.dns.navy | ❌ Down (Error) | None | N/A | 2025-03-26T10:55:42.110843 |
| soho.perslist.com | ❌ Down (Error) | None | N/A | 2025-03-26T10:55:42.111010 |
| wonder.dynx.me | ❌ Down (Error) | None | N/A | 2025-03-26T10:55:42.111157 |
| edu.42web.io | ❌ Down (Error) | None | N/A | 2025-03-26T10:55:42.111295 |
| std.great-site.net | ❌ Down (Error) | None | N/A | 2025-03-26T10:55:42.111432 |
| std.kesug.com | ❌ Down (Error) | None | N/A | 2025-03-26T10:55:42.111569 |
| zoon.wuaze.com | ❌ Down (Error) | None | N/A | 2025-03-26T10:55:42.111706 |
| chatz.lovestoblog.com | ❌ Down (Error) | None | N/A | 2025-03-26T10:55:42.111868 |
| zok.free.nf | ❌ Down (Error) | None | N/A | 2025-03-26T10:55:42.112015 |
| inwen.wuaze.com | ❌ Down (Error) | None | N/A | 2025-03-26T10:55:42.112152 |
| linwen.rf.gd | ❌ Down (Error) | None | N/A | 2025-03-26T10:55:42.112287 |
| edu.lovestoblog.com | ❌ Down (Error) | None | N/A | 2025-03-26T10:55:42.112422 |
| bre.cloudns.ch | ❌ Down (Error) | None | N/A | 2025-03-26T10:55:42.112556 |
| std.000.pe | ❌ Down (Error) | None | N/A | 2025-03-26T10:55:42.112690 |
| daiwen.infinityfreeapp.com | ❌ Down (Error) | None | N/A | 2025-03-26T10:55:42.112857 |
| educ.free.nf | ❌ Down (Error) | None | N/A | 2025-03-26T10:55:42.112999 |
| miao.dns-dynamic.net | ❌ Down (Error) | None | N/A | 2025-03-26T10:55:42.113137 |
| sch.cloudns.be | ❌ Down (Error) | None | N/A | 2025-03-26T10:55:42.113272 |
| si.cloudns.be | ❌ Down (Error) | None | N/A | 2025-03-26T10:55:42.113406 |
| skyo.dns-dynamic.net | ❌ Down (Error) | None | N/A | 2025-03-26T10:55:42.113542 |
| vp.cloudns.be | ❌ Down (Error) | None | N/A | 2025-03-26T10:55:42.113679 |
| zoot.unaux.com | ❌ Down (Error) | None | N/A | 2025-03-26T10:55:42.113838 |
| www.muppets.cloudns.ch | ❌ Down (Error) | None | N/A | 2025-03-26T10:55:42.113979 |
| clo.cloudns.be | ❌ Down (Error) | None | N/A | 2025-03-26T10:55:42.114116 |
| duf.cloudns.ch | ❌ Down (Error) | None | N/A | 2025-03-26T10:55:42.114250 |
| lzi.cloudns.ch | ❌ Down (Error) | None | N/A | 2025-03-26T10:55:42.114386 |
| muppets.cloudns.ch | ❌ Down (Error) | None | N/A | 2025-03-26T10:55:42.114521 |
| sen.cloudns.be | ❌ Down (Error) | None | N/A | 2025-03-26T10:55:42.114670 |
| uto.cloudns.ch | ❌ Down (Error) | None | N/A | 2025-03-26T10:55:42.114831 |
| vp.dns-dynamic.net | ❌ Down (Error) | None | N/A | 2025-03-26T10:55:42.114972 |
| edu.tkpk.cc | ❌ Down (Error) | None | N/A | 2025-03-26T10:55:42.115115 |
| edu.ezpz.work | ❌ Down (Error) | None | N/A | 2025-03-26T10:55:42.115262 |
| woshiwoyansebuya.cloudns.be | ❌ Down (Error) | None | N/A | 2025-03-26T10:55:42.115405 |
| shisi.dns-dynamic.net | ❌ Down (Error) | None | N/A | 2025-03-26T10:55:42.115552 |
| www.xiaomaomi.dns-dynamic.net | ❌ Down (Error) | None | N/A | 2025-03-26T10:55:42.115694 |
| www.yiluhuohuadaishadian.dns-dynamic.net | ❌ Down (Error) | None | N/A | 2025-03-26T10:55:42.115863 |
| www.liniang.cloudns.be | ❌ Down (Error) | None | N/A | 2025-03-26T10:55:42.116035 |
| cdy52.pages.dev | ❌ Down (Error) | None | N/A | 2025-03-26T10:55:42.116176 |
| xio.live-on.net | ❌ Down (Error) | None | N/A | 2025-03-26T10:55:42.116314 |
| xio.mydns.tw | ❌ Down (Error) | None | N/A | 2025-03-26T10:55:42.116460 |
| xio.keyword-on.net | ❌ Down (Error) | None | N/A | 2025-03-26T10:55:42.116615 |
| xio.wjg.jp | ❌ Down (Error) | None | N/A | 2025-03-26T10:55:42.116757 |
| woxy.xio.keyword-on.net | ❌ Down (Error) | None | N/A | 2025-03-26T10:55:42.116919 |
| stdu.nyc.mn | ❌ Down (Error) | None | N/A | 2025-03-26T10:55:42.117056 |
| mokin.nyc.mn | ❌ Down (Error) | None | N/A | 2025-03-26T10:55:42.117192 |
| jxio.nyc.mn | ❌ Down (Error) | None | N/A | 2025-03-26T10:55:42.117334 |
| veco.nyc.mn | ❌ Down (Error) | None | N/A | 2025-03-26T10:55:42.117471 |
| zoot.nyc.mn | ❌ Down (Error) | None | N/A | 2025-03-26T10:55:42.117607 |
| xisu.nyc.mn | ❌ Down (Error) | None | N/A | 2025-03-26T10:55:42.117740 |
| odbar.stdu.nyc.mn | ❌ Down (Error) | None | N/A | 2025-03-26T10:55:42.117912 |
| res.zoot.nyc.mn | ❌ Down (Error) | None | N/A | 2025-03-26T10:55:42.118049 |
| age.xisu.nyc.mn | ❌ Down (Error) | None | N/A | 2025-03-26T10:55:42.118190 |
| eolin.avisa.dedyn.io | ❌ Down (Error) | None | N/A | 2025-03-26T10:55:42.118329 |
| zoot.serv00.net | ❌ Down (Error) | None | N/A | 2025-03-26T10:55:42.118463 |
| gzols.serv00.net | ❌ Down (Error) | None | N/A | 2025-03-26T10:55:42.118598 |
| zko.xio.live-on.net | ❌ Down (Error) | None | N/A | 2025-03-26T10:55:42.118733 |
| zkc.xio.live-on.net | ❌ Down (Error) | None | N/A | 2025-03-26T10:55:42.118899 |
| voxy.xio.gleeze.com | ❌ Down (Error) | None | N/A | 2025-03-26T10:55:42.119039 |
| mo.stdu.3d.tc | ❌ Down (Error) | None | N/A | 2025-03-26T10:55:42.119179 |
| wxi.jxs.byinter.net | ❌ Down (Error) | None | N/A | 2025-03-26T10:55:42.119322 |
| xoy.zhozo.cloudns.ch | ❌ Down (Error) | None | N/A | 2025-03-26T10:55:42.119458 |
| wxio.edu.x24hr.com | ❌ Down (Error) | None | N/A | 2025-03-26T10:55:42.119593 |
| wxi-8k0.edu.x24hr.com | ❌ Down (Error) | None | N/A | 2025-03-26T10:55:42.119730 |
| wxi-yqc.edu.x24hr.com | ❌ Down (Error) | None | N/A | 2025-03-26T10:55:42.119891 |
| lon.lxuei.cloudns.be | ❌ Down (Error) | None | N/A | 2025-03-26T10:55:42.120028 |
| www.woloveyangqin.dns-dynamic.net | ❌ Down (Error) | None | N/A | 2025-03-26T10:55:42.120163 |
| www.vast.cloudns.ch | ❌ Down (Error) | None | N/A | 2025-03-26T10:55:42.120301 |
| www.visa.com.sg | ❌ Down (Error) | None | N/A | 2025-03-26T10:55:42.120436 |
| dxzk.jxsoc.cc.ua | ❌ Down (Error) | None | N/A | 2025-03-26T10:55:42.120575 |
| xfus.educ.cloudns.biz | ❌ Down (Error) | None | N/A | 2025-03-26T10:55:42.120721 |
| wxi-tns.edu.x24hr.com | ❌ Down (Error) | None | N/A | 2025-03-26T10:55:42.120889 |
| wxi-38a.edu.x24hr.com | ❌ Down (Error) | None | N/A | 2025-03-26T10:55:42.121028 |
| wxi-8fm.xio.longmusic.com | ❌ Down (Error) | None | N/A | 2025-03-26T10:55:42.121165 |
| xinxin-d4h.xio.longmusic.com | ❌ Down (Error) | None | N/A | 2025-03-26T10:55:42.121312 |
| www.cdue.cloudns.ch | ❌ Down (Error) | None | N/A | 2025-03-26T10:55:42.121452 |
| www.zto.cloudns.ch | ❌ Down (Error) | None | N/A | 2025-03-26T10:55:42.121588 |
| wxio.xio.zyns.com | ❌ Down (Error) | None | N/A | 2025-03-26T10:55:42.121723 |
| www.kaxin.cloudns.ch | ❌ Down (Error) | None | N/A | 2025-03-26T10:55:42.121885 |
| www.kenelm.cloudns.ch | ❌ Down (Error) | None | N/A | 2025-03-26T10:55:42.122034 |
| uedi.xio.zyns.com | ❌ Down (Error) | None | N/A | 2025-03-26T10:55:42.122168 |
| wxi.xio.zyns.com | ❌ Down (Error) | None | N/A | 2025-03-26T10:55:42.122302 |
| iufeu.xio.dynamic-dns.net | ❌ Down (Error) | None | N/A | 2025-03-26T10:55:42.122438 |
| www.bre.cloudns.ch | ❌ Down (Error) | None | N/A | 2025-03-26T10:55:42.122576 |
| iorfuy.xio.dynamic-dns.net | ❌ Down (Error) | None | N/A | 2025-03-26T10:55:42.122727 |
| www.diffireworks.cloudns.org | ❌ Down (Error) | None | N/A | 2025-03-26T10:55:42.122898 |
| gedu.xio.zzux.com | ❌ Down (Error) | None | N/A | 2025-03-26T10:55:42.123049 |
| owire.xio.zzux.com | ❌ Down (Error) | None | N/A | 2025-03-26T10:55:42.123189 |
| ie23.xio.zzux.com | ❌ Down (Error) | None | N/A | 2025-03-26T10:55:42.123326 |
| ewfhho.xio.zzux.com | ❌ Down (Error) | None | N/A | 2025-03-26T10:55:42.123481 |
| ofoi.xio.longmusic.com | ❌ Down (Error) | None | N/A | 2025-03-26T10:55:42.123622 |
| dbng.xio.longmusic.com | ❌ Down (Error) | None | N/A | 2025-03-26T10:55:42.123760 |
| iuwe.zote.rr.nu | ❌ Down (Error) | None | N/A | 2025-03-26T10:55:42.123923 |
| www.ven.cloudns.biz | ❌ Down (Error) | None | N/A | 2025-03-26T10:55:42.124062 |
| iuwe.stdue.dynv6.net | ❌ Down (Error) | None | N/A | 2025-03-26T10:55:42.124204 |
| xio.won.cc.ua | ❌ Down (Error) | None | N/A | 2025-03-26T10:55:42.124343 |
| cdy.jxs.dix.asia | ❌ Down (Error) | None | N/A | 2025-03-26T10:55:42.124510 |
| djgj.xio.mydns.tw | ❌ Down (Error) | None | N/A | 2025-03-26T10:55:42.124655 |
| ekq.xio.keyword-on.net | ❌ Down (Error) | None | N/A | 2025-03-26T10:55:42.124819 |
| i8xx.xio.wjg.jp | ❌ Down (Error) | None | N/A | 2025-03-26T10:55:42.124963 |
| rsboat.wox.us.kg | ❌ Down (Error) | None | N/A | 2025-03-26T10:55:42.125102 |
| gqhuo.jxios.dynv6.net | ❌ Down (Error) | None | N/A | 2025-03-26T10:55:42.125240 |
| kzze.lzhoo.v6.navy | ❌ Down (Error) | None | N/A | 2025-03-26T10:55:42.125377 |
| woxy.limkco.evai.pl | ❌ Down (Error) | None | N/A | 2025-03-26T10:55:42.125515 |
| pxyu.sohoo.v6.army | ❌ Down (Error) | None | N/A | 2025-03-26T10:55:42.125652 |
| zerd.sohoo.dns.navy | ❌ Down (Error) | None | N/A | 2025-03-26T10:55:42.125811 |
| zxi.sohoo.v6.navy | ❌ Down (Error) | None | N/A | 2025-03-26T10:55:42.125955 |
| kosti.xio.dynamic-dns.net | ❌ Down (Error) | None | N/A | 2025-03-26T10:55:42.126093 |
| mckd.edu.as19557.net | ❌ Down (Error) | None | N/A | 2025-03-26T10:55:42.126232 |
| mirt.edu.as19557.net | ❌ Down (Error) | None | N/A | 2025-03-26T10:55:42.126385 |
| mjsd.xio.itsaol.com | ❌ Down (Error) | None | N/A | 2025-03-26T10:55:42.126524 |
| nitay.edu.qpoe.com | ❌ Down (Error) | None | N/A | 2025-03-26T10:55:42.126673 |
| sctsz.zote.cloudns.org | ❌ Down (Error) | None | N/A | 2025-03-26T10:55:42.126831 |
| xjisd.educ.cloudns.biz | ❌ Down (Error) | None | N/A | 2025-03-26T10:55:42.126970 |
| wibl.zfo.dns-dynamic.net | ❌ Down (Error) | None | N/A | 2025-03-26T10:55:42.127116 |
| wzko.siv.cloudns.ph | ❌ Down (Error) | None | N/A | 2025-03-26T10:55:42.127259 |
| xswi.wwo.cloudns.nz | ❌ Down (Error) | None | N/A | 2025-03-26T10:55:42.127394 |
| zelm.vast.cloudns.ch | ❌ Down (Error) | None | N/A | 2025-03-26T10:55:42.127529 |
| kjus.xio.cloud-ip.biz | ❌ Down (Error) | None | N/A | 2025-03-26T10:55:42.127673 |
| gitxc.vip.ip-dynamic.org | ❌ Down (Error) | None | N/A | 2025-03-26T10:55:42.127834 |
| bayio.edu.dynx.me | ❌ Down (Error) | None | N/A | 2025-03-26T10:55:42.127973 |
| towa.xio.bolo.fyi | ❌ Down (Error) | None | N/A | 2025-03-26T10:55:42.128110 |
| suco.edu.ezpz.work | ❌ Down (Error) | None | N/A | 2025-03-26T10:55:42.128244 |
| wov.soho.lovedub.net | ❌ Down (Error) | None | N/A | 2025-03-26T10:55:42.128379 |
| zipn.soho.lbahq.com | ❌ Down (Error) | None | N/A | 2025-03-26T10:55:42.128514 |
| parp.xeo.dedyn.io | ❌ Down (Error) | None | N/A | 2025-03-26T10:55:42.128650 |
| agei.svip.app.tc | ❌ Down (Error) | None | N/A | 2025-03-26T10:55:42.128806 |
| baic.kuilut.tic.tc | ❌ Down (Error) | None | N/A | 2025-03-26T10:55:42.128948 |
| dziy.svip.blogu.tc | ❌ Down (Error) | None | N/A | 2025-03-26T10:55:42.129092 |
| flq.wwon.con.tc | ❌ Down (Error) | None | N/A | 2025-03-26T10:55:42.129230 |
| rowb.svip.san.tc | ❌ Down (Error) | None | N/A | 2025-03-26T10:55:42.129370 |
| itss.wxio.sitesi.tc | ❌ Down (Error) | None | N/A | 2025-03-26T10:55:42.129510 |
| sni=xn--rss272l.us.kg | ❌ Down (Error) | None | N/A | 2025-03-26T10:55:42.129649 |
| cxaz.sohoo.isgre.at | ❌ Down (Error) | None | N/A | 2025-03-26T10:55:42.129814 |
