# Website Status

Below is the latest status of monitored websites:

| URL | Status | Status Code | Response Time | Last Checked |
|-----|--------|-------------|---------------|--------------|
| https://pandora-vercel-one-nu.vercel.app | ✅ Up | 200 | 2356.84 ms | 2025-03-28T13:59:33.368093 |
| https://chat-beta-woad.vercel.app | ✅ Up | 200 | 2450.00 ms | 2025-03-28T13:59:35.818328 |
| https://chatgpt-ai-jet.vercel.app | ✅ Up | 200 | 64.53 ms | 2025-03-28T13:59:35.883044 |
| https://ai-assistant-five-theta.vercel.app | ✅ Up | 200 | 56.50 ms | 2025-03-28T13:59:35.939695 |
| http://zot.ydns.eu | ⚠️ Down (Status: 404) | 404 | 486.64 ms | 2025-03-28T13:59:36.426490 |
| http://poxy.ydns.eu | ✅ Up | 200 | 302.21 ms | 2025-03-28T13:59:36.728802 |
| http://long.ydns.eu | ⚠️ Down (Status: 404) | 404 | 298.24 ms | 2025-03-28T13:59:37.027163 |
| http://drv.ydns.eu | ✅ Up | 200 | 398.37 ms | 2025-03-28T13:59:37.425675 |
| cdue.cloudns.ch | ❌ Down (Error) | None | N/A | 2025-03-28T13:59:37.425992 |
| educ.cloudns.biz | ❌ Down (Error) | None | N/A | 2025-03-28T13:59:37.426152 |
| tau.cloudns.biz | ❌ Down (Error) | None | N/A | 2025-03-28T13:59:37.426369 |
| svip.cloudns.org | ❌ Down (Error) | None | N/A | 2025-03-28T13:59:37.426523 |
| zote.cloudns.org | ❌ Down (Error) | None | N/A | 2025-03-28T13:59:37.426667 |
| ven.cloudns.biz | ❌ Down (Error) | None | N/A | 2025-03-28T13:59:37.426805 |
| zfo.cloudns.org | ❌ Down (Error) | None | N/A | 2025-03-28T13:59:37.426919 |
| zfo.dns-dynamic.net | ❌ Down (Error) | None | N/A | 2025-03-28T13:59:37.427019 |
| diffireworks.cloudns.org | ❌ Down (Error) | None | N/A | 2025-03-28T13:59:37.427117 |
| vip.dns-dynamic.net | ❌ Down (Error) | None | N/A | 2025-03-28T13:59:37.427214 |
| dsk.cloudns.biz | ❌ Down (Error) | None | N/A | 2025-03-28T13:59:37.427338 |
| fox.dns-dynamic.net | ❌ Down (Error) | None | N/A | 2025-03-28T13:59:37.427443 |
| xiolin.dns-dynamic.net | ❌ Down (Error) | None | N/A | 2025-03-28T13:59:37.427538 |
| sac.cloudns.biz | ❌ Down (Error) | None | N/A | 2025-03-28T13:59:37.427632 |
| kaixin.cloudns.ch | ❌ Down (Error) | None | N/A | 2025-03-28T13:59:37.427732 |
| wwv.cloudns.be | ❌ Down (Error) | None | N/A | 2025-03-28T13:59:37.427828 |
| mov.cloudns.org | ❌ Down (Error) | None | N/A | 2025-03-28T13:59:37.427921 |
| pan.cloudns.org | ❌ Down (Error) | None | N/A | 2025-03-28T13:59:37.428015 |
| siv.cloudns.ph | ❌ Down (Error) | None | N/A | 2025-03-28T13:59:37.428109 |
| wwo.cloudns.nz | ❌ Down (Error) | None | N/A | 2025-03-28T13:59:37.428202 |
| std.cloudns.org | ❌ Down (Error) | None | N/A | 2025-03-28T13:59:37.428313 |
| vercel.dns-dynamic.net | ❌ Down (Error) | None | N/A | 2025-03-28T13:59:37.428409 |
| virgo.cloudns.biz | ❌ Down (Error) | None | N/A | 2025-03-28T13:59:37.428513 |
| wwo.cloudns.ch | ❌ Down (Error) | None | N/A | 2025-03-28T13:59:37.428610 |
| vx.cloudns.ch | ❌ Down (Error) | None | N/A | 2025-03-28T13:59:37.428703 |
| kenelm.cloudns.ch | ❌ Down (Error) | None | N/A | 2025-03-28T13:59:37.428798 |
| beer.dns-dynamic.net | ❌ Down (Error) | None | N/A | 2025-03-28T13:59:37.428890 |
| vast.cloudns.ch | ❌ Down (Error) | None | N/A | 2025-03-28T13:59:37.428984 |
| vice.cloudns.be | ❌ Down (Error) | None | N/A | 2025-03-28T13:59:37.429077 |
| ipen.eu.org | ❌ Down (Error) | None | N/A | 2025-03-28T13:59:37.429169 |
| kaxoi.eu.org | ❌ Down (Error) | None | N/A | 2025-03-28T13:59:37.429275 |
| kcoco.eu.org | ❌ Down (Error) | None | N/A | 2025-03-28T13:59:37.429380 |
| linqin.eu.org | ❌ Down (Error) | None | N/A | 2025-03-28T13:59:37.429473 |
| ricpig.eu.org | ❌ Down (Error) | None | N/A | 2025-03-28T13:59:37.429566 |
| skvip.eu.org | ❌ Down (Error) | None | N/A | 2025-03-28T13:59:37.429665 |
| skyle.eu.org | ❌ Down (Error) | None | N/A | 2025-03-28T13:59:37.429760 |
| suke.eu.org | ❌ Down (Error) | None | N/A | 2025-03-28T13:59:37.429850 |
| vercl.eu.org | ❌ Down (Error) | None | N/A | 2025-03-28T13:59:37.429943 |
| vipn.eu.org | ❌ Down (Error) | None | N/A | 2025-03-28T13:59:37.430036 |
| wvvp.eu.org | ❌ Down (Error) | None | N/A | 2025-03-28T13:59:37.430129 |
| ipzo.eu.org | ❌ Down (Error) | None | N/A | 2025-03-28T13:59:37.430221 |
| linqing.eu.org | ❌ Down (Error) | None | N/A | 2025-03-28T13:59:37.430337 |
| stds.eu.org | ❌ Down (Error) | None | N/A | 2025-03-28T13:59:37.430443 |
| viko.eu.org | ❌ Down (Error) | None | N/A | 2025-03-28T13:59:37.430536 |
| vipk.eu.org | ❌ Down (Error) | None | N/A | 2025-03-28T13:59:37.430627 |
| xongan.eu.org | ❌ Down (Error) | None | N/A | 2025-03-28T13:59:37.430722 |
| zosx.eu.org | ❌ Down (Error) | None | N/A | 2025-03-28T13:59:37.430815 |
| zot.dedyn.io | ❌ Down (Error) | None | N/A | 2025-03-28T13:59:37.430909 |
| xeo.dedyn.io | ❌ Down (Error) | None | N/A | 2025-03-28T13:59:37.431000 |
| std.dedyn.io | ❌ Down (Error) | None | N/A | 2025-03-28T13:59:37.431093 |
| xio.edu.publicvm.com | ❌ Down (Error) | None | N/A | 2025-03-28T13:59:37.431186 |
| xio.jxsio.v6.army | ❌ Down (Error) | None | N/A | 2025-03-28T13:59:37.431300 |
| xioo.jxios.dynv6.net | ❌ Down (Error) | None | N/A | 2025-03-28T13:59:37.431399 |
| xioo.kaxoi.eu.org | ❌ Down (Error) | None | N/A | 2025-03-28T13:59:37.431498 |
| xioo.wwo.cloudns.nz | ❌ Down (Error) | None | N/A | 2025-03-28T13:59:37.431593 |
| xio.siv.cloudns.ph | ❌ Down (Error) | None | N/A | 2025-03-28T13:59:37.431686 |
| xio.std.cloudns.ch | ❌ Down (Error) | None | N/A | 2025-03-28T13:59:37.431778 |
| xio.vip.dns-dynamic.net | ❌ Down (Error) | None | N/A | 2025-03-28T13:59:37.431872 |
| xio.zon.byinter.net | ❌ Down (Error) | None | N/A | 2025-03-28T13:59:37.432029 |
| xio.zoot.myfw.us | ❌ Down (Error) | None | N/A | 2025-03-28T13:59:37.432182 |
| xio.gzos.link | ❌ Down (Error) | None | N/A | 2025-03-28T13:59:37.432354 |
| xioo.educ.line.pm | ❌ Down (Error) | None | N/A | 2025-03-28T13:59:37.432509 |
| xio.sac.cloudns.biz | ❌ Down (Error) | None | N/A | 2025-03-28T13:59:37.432660 |
| xio.std.cloudns.org | ❌ Down (Error) | None | N/A | 2025-03-28T13:59:37.432810 |
| xio.std.kesug.com | ❌ Down (Error) | None | N/A | 2025-03-28T13:59:37.432956 |
| xio.stu.loveslife.biz | ❌ Down (Error) | None | N/A | 2025-03-28T13:59:37.433098 |
| xio.wwv.cloudns.be | ❌ Down (Error) | None | N/A | 2025-03-28T13:59:37.433241 |
| xio.xeo.dedyn.io | ❌ Down (Error) | None | N/A | 2025-03-28T13:59:37.433411 |
| xio.xiaohhh.xyz | ❌ Down (Error) | None | N/A | 2025-03-28T13:59:37.433558 |
| xio.zoten.onflashdrive.app | ❌ Down (Error) | None | N/A | 2025-03-28T13:59:37.433699 |
| xio.gzos.rr.nu | ❌ Down (Error) | None | N/A | 2025-03-28T13:59:37.433839 |
| xio.lzhoo.v6.navy | ❌ Down (Error) | None | N/A | 2025-03-28T13:59:37.433977 |
| xio.std.000.pe | ❌ Down (Error) | None | N/A | 2025-03-28T13:59:37.434113 |
| xio.wwvio.dns.army | ❌ Down (Error) | None | N/A | 2025-03-28T13:59:37.434253 |
| xio.zon.lookin.at | ❌ Down (Error) | None | N/A | 2025-03-28T13:59:37.434420 |
| xio.zon.myredirect.us | ❌ Down (Error) | None | N/A | 2025-03-28T13:59:37.434559 |
| xio.zos.22web.org | ❌ Down (Error) | None | N/A | 2025-03-28T13:59:37.434709 |
| xio.zot.rf.gd | ❌ Down (Error) | None | N/A | 2025-03-28T13:59:37.434851 |
| xio.zoxte.v6.army | ❌ Down (Error) | None | N/A | 2025-03-28T13:59:37.434989 |
| xio.zoxte.v6.rocks | ❌ Down (Error) | None | N/A | 2025-03-28T13:59:37.435126 |
| xio.soho.lovedub.net | ❌ Down (Error) | None | N/A | 2025-03-28T13:59:37.435287 |
| xio.xn--ebbpo8a.xn--y9a3aq | ❌ Down (Error) | None | N/A | 2025-03-28T13:59:37.435433 |
| xio.zoxte.dns.navy | ❌ Down (Error) | None | N/A | 2025-03-28T13:59:37.435572 |
| soho.perslist.com | ❌ Down (Error) | None | N/A | 2025-03-28T13:59:37.435711 |
| wonder.dynx.me | ❌ Down (Error) | None | N/A | 2025-03-28T13:59:37.435856 |
| edu.42web.io | ❌ Down (Error) | None | N/A | 2025-03-28T13:59:37.435996 |
| std.great-site.net | ❌ Down (Error) | None | N/A | 2025-03-28T13:59:37.436135 |
| std.kesug.com | ❌ Down (Error) | None | N/A | 2025-03-28T13:59:37.436291 |
| zoon.wuaze.com | ❌ Down (Error) | None | N/A | 2025-03-28T13:59:37.436434 |
| chatz.lovestoblog.com | ❌ Down (Error) | None | N/A | 2025-03-28T13:59:37.436572 |
| zok.free.nf | ❌ Down (Error) | None | N/A | 2025-03-28T13:59:37.436715 |
| inwen.wuaze.com | ❌ Down (Error) | None | N/A | 2025-03-28T13:59:37.436854 |
| linwen.rf.gd | ❌ Down (Error) | None | N/A | 2025-03-28T13:59:37.436990 |
| edu.lovestoblog.com | ❌ Down (Error) | None | N/A | 2025-03-28T13:59:37.437131 |
| bre.cloudns.ch | ❌ Down (Error) | None | N/A | 2025-03-28T13:59:37.437290 |
| std.000.pe | ❌ Down (Error) | None | N/A | 2025-03-28T13:59:37.437433 |
| daiwen.infinityfreeapp.com | ❌ Down (Error) | None | N/A | 2025-03-28T13:59:37.437571 |
| educ.free.nf | ❌ Down (Error) | None | N/A | 2025-03-28T13:59:37.437708 |
| miao.dns-dynamic.net | ❌ Down (Error) | None | N/A | 2025-03-28T13:59:37.437846 |
| sch.cloudns.be | ❌ Down (Error) | None | N/A | 2025-03-28T13:59:37.437984 |
| si.cloudns.be | ❌ Down (Error) | None | N/A | 2025-03-28T13:59:37.438121 |
| skyo.dns-dynamic.net | ❌ Down (Error) | None | N/A | 2025-03-28T13:59:37.438283 |
| vp.cloudns.be | ❌ Down (Error) | None | N/A | 2025-03-28T13:59:37.438429 |
| zoot.unaux.com | ❌ Down (Error) | None | N/A | 2025-03-28T13:59:37.438565 |
| www.muppets.cloudns.ch | ❌ Down (Error) | None | N/A | 2025-03-28T13:59:37.438703 |
| clo.cloudns.be | ❌ Down (Error) | None | N/A | 2025-03-28T13:59:37.438842 |
| duf.cloudns.ch | ❌ Down (Error) | None | N/A | 2025-03-28T13:59:37.438990 |
| lzi.cloudns.ch | ❌ Down (Error) | None | N/A | 2025-03-28T13:59:37.439129 |
| muppets.cloudns.ch | ❌ Down (Error) | None | N/A | 2025-03-28T13:59:37.439287 |
| sen.cloudns.be | ❌ Down (Error) | None | N/A | 2025-03-28T13:59:37.439442 |
| uto.cloudns.ch | ❌ Down (Error) | None | N/A | 2025-03-28T13:59:37.439581 |
| vp.dns-dynamic.net | ❌ Down (Error) | None | N/A | 2025-03-28T13:59:37.439718 |
| edu.tkpk.cc | ❌ Down (Error) | None | N/A | 2025-03-28T13:59:37.439856 |
| edu.ezpz.work | ❌ Down (Error) | None | N/A | 2025-03-28T13:59:37.440001 |
| woshiwoyansebuya.cloudns.be | ❌ Down (Error) | None | N/A | 2025-03-28T13:59:37.440142 |
| shisi.dns-dynamic.net | ❌ Down (Error) | None | N/A | 2025-03-28T13:59:37.440309 |
| www.xiaomaomi.dns-dynamic.net | ❌ Down (Error) | None | N/A | 2025-03-28T13:59:37.440453 |
| www.yiluhuohuadaishadian.dns-dynamic.net | ❌ Down (Error) | None | N/A | 2025-03-28T13:59:37.440600 |
| www.liniang.cloudns.be | ❌ Down (Error) | None | N/A | 2025-03-28T13:59:37.440779 |
| cdy52.pages.dev | ❌ Down (Error) | None | N/A | 2025-03-28T13:59:37.440920 |
| xio.live-on.net | ❌ Down (Error) | None | N/A | 2025-03-28T13:59:37.441060 |
| xio.mydns.tw | ❌ Down (Error) | None | N/A | 2025-03-28T13:59:37.441196 |
| xio.keyword-on.net | ❌ Down (Error) | None | N/A | 2025-03-28T13:59:37.441358 |
| xio.wjg.jp | ❌ Down (Error) | None | N/A | 2025-03-28T13:59:37.441496 |
| woxy.xio.keyword-on.net | ❌ Down (Error) | None | N/A | 2025-03-28T13:59:37.441633 |
| stdu.nyc.mn | ❌ Down (Error) | None | N/A | 2025-03-28T13:59:37.441770 |
| mokin.nyc.mn | ❌ Down (Error) | None | N/A | 2025-03-28T13:59:37.441906 |
| jxio.nyc.mn | ❌ Down (Error) | None | N/A | 2025-03-28T13:59:37.442048 |
| veco.nyc.mn | ❌ Down (Error) | None | N/A | 2025-03-28T13:59:37.442186 |
| zoot.nyc.mn | ❌ Down (Error) | None | N/A | 2025-03-28T13:59:37.442346 |
| xisu.nyc.mn | ❌ Down (Error) | None | N/A | 2025-03-28T13:59:37.442490 |
| odbar.stdu.nyc.mn | ❌ Down (Error) | None | N/A | 2025-03-28T13:59:37.442634 |
| res.zoot.nyc.mn | ❌ Down (Error) | None | N/A | 2025-03-28T13:59:37.442772 |
| age.xisu.nyc.mn | ❌ Down (Error) | None | N/A | 2025-03-28T13:59:37.442912 |
| eolin.avisa.dedyn.io | ❌ Down (Error) | None | N/A | 2025-03-28T13:59:37.443054 |
| zoot.serv00.net | ❌ Down (Error) | None | N/A | 2025-03-28T13:59:37.443197 |
| gzols.serv00.net | ❌ Down (Error) | None | N/A | 2025-03-28T13:59:37.443364 |
| zko.xio.live-on.net | ❌ Down (Error) | None | N/A | 2025-03-28T13:59:37.443505 |
| zkc.xio.live-on.net | ❌ Down (Error) | None | N/A | 2025-03-28T13:59:37.443643 |
| voxy.xio.gleeze.com | ❌ Down (Error) | None | N/A | 2025-03-28T13:59:37.443778 |
| mo.stdu.3d.tc | ❌ Down (Error) | None | N/A | 2025-03-28T13:59:37.443913 |
| wxi.jxs.byinter.net | ❌ Down (Error) | None | N/A | 2025-03-28T13:59:37.444051 |
| xoy.zhozo.cloudns.ch | ❌ Down (Error) | None | N/A | 2025-03-28T13:59:37.444190 |
| wxio.edu.x24hr.com | ❌ Down (Error) | None | N/A | 2025-03-28T13:59:37.444352 |
| wxi-8k0.edu.x24hr.com | ❌ Down (Error) | None | N/A | 2025-03-28T13:59:37.444491 |
| wxi-yqc.edu.x24hr.com | ❌ Down (Error) | None | N/A | 2025-03-28T13:59:37.444626 |
| lon.lxuei.cloudns.be | ❌ Down (Error) | None | N/A | 2025-03-28T13:59:37.444763 |
| www.woloveyangqin.dns-dynamic.net | ❌ Down (Error) | None | N/A | 2025-03-28T13:59:37.444902 |
| www.vast.cloudns.ch | ❌ Down (Error) | None | N/A | 2025-03-28T13:59:37.445039 |
| www.visa.com.sg | ❌ Down (Error) | None | N/A | 2025-03-28T13:59:37.445177 |
| dxzk.jxsoc.cc.ua | ❌ Down (Error) | None | N/A | 2025-03-28T13:59:37.445337 |
| xfus.educ.cloudns.biz | ❌ Down (Error) | None | N/A | 2025-03-28T13:59:37.445487 |
| wxi-tns.edu.x24hr.com | ❌ Down (Error) | None | N/A | 2025-03-28T13:59:37.445626 |
| wxi-38a.edu.x24hr.com | ❌ Down (Error) | None | N/A | 2025-03-28T13:59:37.445764 |
| wxi-8fm.xio.longmusic.com | ❌ Down (Error) | None | N/A | 2025-03-28T13:59:37.445901 |
| xinxin-d4h.xio.longmusic.com | ❌ Down (Error) | None | N/A | 2025-03-28T13:59:37.446046 |
| www.cdue.cloudns.ch | ❌ Down (Error) | None | N/A | 2025-03-28T13:59:37.446188 |
| www.zto.cloudns.ch | ❌ Down (Error) | None | N/A | 2025-03-28T13:59:37.446351 |
| wxio.xio.zyns.com | ❌ Down (Error) | None | N/A | 2025-03-28T13:59:37.446491 |
| www.kaxin.cloudns.ch | ❌ Down (Error) | None | N/A | 2025-03-28T13:59:37.446627 |
| www.kenelm.cloudns.ch | ❌ Down (Error) | None | N/A | 2025-03-28T13:59:37.446766 |
| uedi.xio.zyns.com | ❌ Down (Error) | None | N/A | 2025-03-28T13:59:37.446904 |
| wxi.xio.zyns.com | ❌ Down (Error) | None | N/A | 2025-03-28T13:59:37.447040 |
| iufeu.xio.dynamic-dns.net | ❌ Down (Error) | None | N/A | 2025-03-28T13:59:37.447178 |
| www.bre.cloudns.ch | ❌ Down (Error) | None | N/A | 2025-03-28T13:59:37.447339 |
| iorfuy.xio.dynamic-dns.net | ❌ Down (Error) | None | N/A | 2025-03-28T13:59:37.447495 |
| www.diffireworks.cloudns.org | ❌ Down (Error) | None | N/A | 2025-03-28T13:59:37.447639 |
| gedu.xio.zzux.com | ❌ Down (Error) | None | N/A | 2025-03-28T13:59:37.447785 |
| owire.xio.zzux.com | ❌ Down (Error) | None | N/A | 2025-03-28T13:59:37.447925 |
| ie23.xio.zzux.com | ❌ Down (Error) | None | N/A | 2025-03-28T13:59:37.448062 |
| ewfhho.xio.zzux.com | ❌ Down (Error) | None | N/A | 2025-03-28T13:59:37.448200 |
| ofoi.xio.longmusic.com | ❌ Down (Error) | None | N/A | 2025-03-28T13:59:37.448361 |
| dbng.xio.longmusic.com | ❌ Down (Error) | None | N/A | 2025-03-28T13:59:37.448503 |
| iuwe.zote.rr.nu | ❌ Down (Error) | None | N/A | 2025-03-28T13:59:37.448642 |
| www.ven.cloudns.biz | ❌ Down (Error) | None | N/A | 2025-03-28T13:59:37.448782 |
| iuwe.stdue.dynv6.net | ❌ Down (Error) | None | N/A | 2025-03-28T13:59:37.448927 |
| xio.won.cc.ua | ❌ Down (Error) | None | N/A | 2025-03-28T13:59:37.449064 |
| cdy.jxs.dix.asia | ❌ Down (Error) | None | N/A | 2025-03-28T13:59:37.449231 |
| djgj.xio.mydns.tw | ❌ Down (Error) | None | N/A | 2025-03-28T13:59:37.449395 |
| ekq.xio.keyword-on.net | ❌ Down (Error) | None | N/A | 2025-03-28T13:59:37.449538 |
| i8xx.xio.wjg.jp | ❌ Down (Error) | None | N/A | 2025-03-28T13:59:37.449678 |
| rsboat.wox.us.kg | ❌ Down (Error) | None | N/A | 2025-03-28T13:59:37.449816 |
| gqhuo.jxios.dynv6.net | ❌ Down (Error) | None | N/A | 2025-03-28T13:59:37.449953 |
| kzze.lzhoo.v6.navy | ❌ Down (Error) | None | N/A | 2025-03-28T13:59:37.450091 |
| woxy.limkco.evai.pl | ❌ Down (Error) | None | N/A | 2025-03-28T13:59:37.450228 |
| pxyu.sohoo.v6.army | ❌ Down (Error) | None | N/A | 2025-03-28T13:59:37.450390 |
| zerd.sohoo.dns.navy | ❌ Down (Error) | None | N/A | 2025-03-28T13:59:37.450527 |
| zxi.sohoo.v6.navy | ❌ Down (Error) | None | N/A | 2025-03-28T13:59:37.450664 |
| kosti.xio.dynamic-dns.net | ❌ Down (Error) | None | N/A | 2025-03-28T13:59:37.450800 |
| mckd.edu.as19557.net | ❌ Down (Error) | None | N/A | 2025-03-28T13:59:37.450937 |
| mirt.edu.as19557.net | ❌ Down (Error) | None | N/A | 2025-03-28T13:59:37.451080 |
| mjsd.xio.itsaol.com | ❌ Down (Error) | None | N/A | 2025-03-28T13:59:37.451217 |
| nitay.edu.qpoe.com | ❌ Down (Error) | None | N/A | 2025-03-28T13:59:37.451380 |
| sctsz.zote.cloudns.org | ❌ Down (Error) | None | N/A | 2025-03-28T13:59:37.451519 |
| xjisd.educ.cloudns.biz | ❌ Down (Error) | None | N/A | 2025-03-28T13:59:37.451656 |
| wibl.zfo.dns-dynamic.net | ❌ Down (Error) | None | N/A | 2025-03-28T13:59:37.451802 |
| wzko.siv.cloudns.ph | ❌ Down (Error) | None | N/A | 2025-03-28T13:59:37.451944 |
| xswi.wwo.cloudns.nz | ❌ Down (Error) | None | N/A | 2025-03-28T13:59:37.452079 |
| zelm.vast.cloudns.ch | ❌ Down (Error) | None | N/A | 2025-03-28T13:59:37.452212 |
| kjus.xio.cloud-ip.biz | ❌ Down (Error) | None | N/A | 2025-03-28T13:59:37.452373 |
| gitxc.vip.ip-dynamic.org | ❌ Down (Error) | None | N/A | 2025-03-28T13:59:37.452517 |
| bayio.edu.dynx.me | ❌ Down (Error) | None | N/A | 2025-03-28T13:59:37.452652 |
| towa.xio.bolo.fyi | ❌ Down (Error) | None | N/A | 2025-03-28T13:59:37.452788 |
| suco.edu.ezpz.work | ❌ Down (Error) | None | N/A | 2025-03-28T13:59:37.452922 |
| wov.soho.lovedub.net | ❌ Down (Error) | None | N/A | 2025-03-28T13:59:37.453060 |
| zipn.soho.lbahq.com | ❌ Down (Error) | None | N/A | 2025-03-28T13:59:37.453197 |
| parp.xeo.dedyn.io | ❌ Down (Error) | None | N/A | 2025-03-28T13:59:37.453363 |
| agei.svip.app.tc | ❌ Down (Error) | None | N/A | 2025-03-28T13:59:37.453503 |
| baic.kuilut.tic.tc | ❌ Down (Error) | None | N/A | 2025-03-28T13:59:37.453640 |
| dziy.svip.blogu.tc | ❌ Down (Error) | None | N/A | 2025-03-28T13:59:37.453785 |
| flq.wwon.con.tc | ❌ Down (Error) | None | N/A | 2025-03-28T13:59:37.453922 |
| rowb.svip.san.tc | ❌ Down (Error) | None | N/A | 2025-03-28T13:59:37.454066 |
| itss.wxio.sitesi.tc | ❌ Down (Error) | None | N/A | 2025-03-28T13:59:37.454206 |
| sni=xn--rss272l.us.kg | ❌ Down (Error) | None | N/A | 2025-03-28T13:59:37.454368 |
| cxaz.sohoo.isgre.at | ❌ Down (Error) | None | N/A | 2025-03-28T13:59:37.454510 |
| subi.zone.id | ❌ Down (Error) | None | N/A | 2025-03-28T13:59:37.455056 |
| muzic.zone.id | ❌ Down (Error) | None | N/A | 2025-03-28T13:59:37.455200 |
