# Website Status

Below is the latest status of monitored websites:

| URL | Status | Status Code | Response Time | Last Checked |
|-----|--------|-------------|---------------|--------------|
| https://pandora-vercel-one-nu.vercel.app | ✅ Up | 200 | 2311.34 ms | 2025-03-23T06:55:38.039278 |
| https://chat-beta-woad.vercel.app | ✅ Up | 200 | 2389.62 ms | 2025-03-23T06:55:40.429083 |
| https://chatgpt-ai-jet.vercel.app | ✅ Up | 200 | 38.06 ms | 2025-03-23T06:55:40.467285 |
| https://ai-assistant-five-theta.vercel.app | ✅ Up | 200 | 38.60 ms | 2025-03-23T06:55:40.506007 |
| http://zot.ydns.eu | ⚠️ Down (Status: 404) | 404 | 502.46 ms | 2025-03-23T06:55:41.008558 |
| http://poxy.ydns.eu | ✅ Up | 200 | 505.58 ms | 2025-03-23T06:55:41.514249 |
| http://long.ydns.eu | ⚠️ Down (Status: 404) | 404 | 503.84 ms | 2025-03-23T06:55:42.018172 |
| http://drv.ydns.eu | ✅ Up | 200 | 506.23 ms | 2025-03-23T06:55:42.524501 |
| cdue.cloudns.ch | ❌ Down (Error) | None | N/A | 2025-03-23T06:55:42.524753 |
| educ.cloudns.biz | ❌ Down (Error) | None | N/A | 2025-03-23T06:55:42.524960 |
| tau.cloudns.biz | ❌ Down (Error) | None | N/A | 2025-03-23T06:55:42.525114 |
| svip.cloudns.org | ❌ Down (Error) | None | N/A | 2025-03-23T06:55:42.525262 |
| zote.cloudns.org | ❌ Down (Error) | None | N/A | 2025-03-23T06:55:42.525442 |
| ven.cloudns.biz | ❌ Down (Error) | None | N/A | 2025-03-23T06:55:42.525609 |
| zfo.cloudns.org | ❌ Down (Error) | None | N/A | 2025-03-23T06:55:42.525794 |
| zfo.dns-dynamic.net | ❌ Down (Error) | None | N/A | 2025-03-23T06:55:42.525996 |
| diffireworks.cloudns.org | ❌ Down (Error) | None | N/A | 2025-03-23T06:55:42.526167 |
| vip.dns-dynamic.net | ❌ Down (Error) | None | N/A | 2025-03-23T06:55:42.526329 |
| dsk.cloudns.biz | ❌ Down (Error) | None | N/A | 2025-03-23T06:55:42.526489 |
| fox.dns-dynamic.net | ❌ Down (Error) | None | N/A | 2025-03-23T06:55:42.526651 |
| xiolin.dns-dynamic.net | ❌ Down (Error) | None | N/A | 2025-03-23T06:55:42.526843 |
| sac.cloudns.biz | ❌ Down (Error) | None | N/A | 2025-03-23T06:55:42.527019 |
| kaixin.cloudns.ch | ❌ Down (Error) | None | N/A | 2025-03-23T06:55:42.527196 |
| wwv.cloudns.be | ❌ Down (Error) | None | N/A | 2025-03-23T06:55:42.527362 |
| mov.cloudns.org | ❌ Down (Error) | None | N/A | 2025-03-23T06:55:42.527539 |
| pan.cloudns.org | ❌ Down (Error) | None | N/A | 2025-03-23T06:55:42.527713 |
| siv.cloudns.ph | ❌ Down (Error) | None | N/A | 2025-03-23T06:55:42.527871 |
| wwo.cloudns.nz | ❌ Down (Error) | None | N/A | 2025-03-23T06:55:42.527980 |
| std.cloudns.org | ❌ Down (Error) | None | N/A | 2025-03-23T06:55:42.528082 |
| vercel.dns-dynamic.net | ❌ Down (Error) | None | N/A | 2025-03-23T06:55:42.528182 |
| virgo.cloudns.biz | ❌ Down (Error) | None | N/A | 2025-03-23T06:55:42.528290 |
| wwo.cloudns.ch | ❌ Down (Error) | None | N/A | 2025-03-23T06:55:42.528389 |
| vx.cloudns.ch | ❌ Down (Error) | None | N/A | 2025-03-23T06:55:42.528485 |
| kenelm.cloudns.ch | ❌ Down (Error) | None | N/A | 2025-03-23T06:55:42.528580 |
| beer.dns-dynamic.net | ❌ Down (Error) | None | N/A | 2025-03-23T06:55:42.528674 |
| vast.cloudns.ch | ❌ Down (Error) | None | N/A | 2025-03-23T06:55:42.528768 |
| vice.cloudns.be | ❌ Down (Error) | None | N/A | 2025-03-23T06:55:42.528898 |
| ipen.eu.org | ❌ Down (Error) | None | N/A | 2025-03-23T06:55:42.529000 |
| kaxoi.eu.org | ❌ Down (Error) | None | N/A | 2025-03-23T06:55:42.529094 |
| kcoco.eu.org | ❌ Down (Error) | None | N/A | 2025-03-23T06:55:42.529196 |
| linqin.eu.org | ❌ Down (Error) | None | N/A | 2025-03-23T06:55:42.529290 |
| ricpig.eu.org | ❌ Down (Error) | None | N/A | 2025-03-23T06:55:42.529385 |
| skvip.eu.org | ❌ Down (Error) | None | N/A | 2025-03-23T06:55:42.529483 |
| skyle.eu.org | ❌ Down (Error) | None | N/A | 2025-03-23T06:55:42.529576 |
| suke.eu.org | ❌ Down (Error) | None | N/A | 2025-03-23T06:55:42.529669 |
| vercl.eu.org | ❌ Down (Error) | None | N/A | 2025-03-23T06:55:42.529763 |
| vipn.eu.org | ❌ Down (Error) | None | N/A | 2025-03-23T06:55:42.529889 |
| wvvp.eu.org | ❌ Down (Error) | None | N/A | 2025-03-23T06:55:42.529986 |
| ipzo.eu.org | ❌ Down (Error) | None | N/A | 2025-03-23T06:55:42.530080 |
| linqing.eu.org | ❌ Down (Error) | None | N/A | 2025-03-23T06:55:42.530178 |
| stds.eu.org | ❌ Down (Error) | None | N/A | 2025-03-23T06:55:42.530274 |
| viko.eu.org | ❌ Down (Error) | None | N/A | 2025-03-23T06:55:42.530367 |
| vipk.eu.org | ❌ Down (Error) | None | N/A | 2025-03-23T06:55:42.530461 |
| xongan.eu.org | ❌ Down (Error) | None | N/A | 2025-03-23T06:55:42.530556 |
| zosx.eu.org | ❌ Down (Error) | None | N/A | 2025-03-23T06:55:42.530650 |
| zot.dedyn.io | ❌ Down (Error) | None | N/A | 2025-03-23T06:55:42.530743 |
| xeo.dedyn.io | ❌ Down (Error) | None | N/A | 2025-03-23T06:55:42.530865 |
| std.dedyn.io | ❌ Down (Error) | None | N/A | 2025-03-23T06:55:42.530967 |
| xio.edu.publicvm.com | ❌ Down (Error) | None | N/A | 2025-03-23T06:55:42.531062 |
| xio.jxsio.v6.army | ❌ Down (Error) | None | N/A | 2025-03-23T06:55:42.531156 |
| xioo.jxios.dynv6.net | ❌ Down (Error) | None | N/A | 2025-03-23T06:55:42.531249 |
| xioo.kaxoi.eu.org | ❌ Down (Error) | None | N/A | 2025-03-23T06:55:42.531349 |
| xioo.wwo.cloudns.nz | ❌ Down (Error) | None | N/A | 2025-03-23T06:55:42.531445 |
| xio.siv.cloudns.ph | ❌ Down (Error) | None | N/A | 2025-03-23T06:55:42.531538 |
| xio.std.cloudns.ch | ❌ Down (Error) | None | N/A | 2025-03-23T06:55:42.531631 |
| xio.vip.dns-dynamic.net | ❌ Down (Error) | None | N/A | 2025-03-23T06:55:42.531725 |
| xio.zon.byinter.net | ❌ Down (Error) | None | N/A | 2025-03-23T06:55:42.531908 |
| xio.zoot.myfw.us | ❌ Down (Error) | None | N/A | 2025-03-23T06:55:42.532094 |
| xio.gzos.link | ❌ Down (Error) | None | N/A | 2025-03-23T06:55:42.532267 |
| xioo.educ.line.pm | ❌ Down (Error) | None | N/A | 2025-03-23T06:55:42.532443 |
| xio.sac.cloudns.biz | ❌ Down (Error) | None | N/A | 2025-03-23T06:55:42.532632 |
| xio.std.cloudns.org | ❌ Down (Error) | None | N/A | 2025-03-23T06:55:42.532838 |
| xio.std.kesug.com | ❌ Down (Error) | None | N/A | 2025-03-23T06:55:42.533002 |
| xio.stu.loveslife.biz | ❌ Down (Error) | None | N/A | 2025-03-23T06:55:42.533158 |
| xio.wwv.cloudns.be | ❌ Down (Error) | None | N/A | 2025-03-23T06:55:42.533309 |
| xio.xeo.dedyn.io | ❌ Down (Error) | None | N/A | 2025-03-23T06:55:42.533461 |
| xio.xiaohhh.xyz | ❌ Down (Error) | None | N/A | 2025-03-23T06:55:42.533625 |
| xio.zoten.onflashdrive.app | ❌ Down (Error) | None | N/A | 2025-03-23T06:55:42.533781 |
| xio.gzos.rr.nu | ❌ Down (Error) | None | N/A | 2025-03-23T06:55:42.533966 |
| xio.lzhoo.v6.navy | ❌ Down (Error) | None | N/A | 2025-03-23T06:55:42.534140 |
| xio.std.000.pe | ❌ Down (Error) | None | N/A | 2025-03-23T06:55:42.534319 |
| xio.wwvio.dns.army | ❌ Down (Error) | None | N/A | 2025-03-23T06:55:42.534495 |
| xio.zon.lookin.at | ❌ Down (Error) | None | N/A | 2025-03-23T06:55:42.534678 |
| xio.zon.myredirect.us | ❌ Down (Error) | None | N/A | 2025-03-23T06:55:42.534893 |
| xio.zos.22web.org | ❌ Down (Error) | None | N/A | 2025-03-23T06:55:42.535068 |
| xio.zot.rf.gd | ❌ Down (Error) | None | N/A | 2025-03-23T06:55:42.535222 |
| xio.zoxte.v6.army | ❌ Down (Error) | None | N/A | 2025-03-23T06:55:42.535384 |
| xio.zoxte.v6.rocks | ❌ Down (Error) | None | N/A | 2025-03-23T06:55:42.535541 |
| xio.soho.lovedub.net | ❌ Down (Error) | None | N/A | 2025-03-23T06:55:42.535705 |
| xio.xn--ebbpo8a.xn--y9a3aq | ❌ Down (Error) | None | N/A | 2025-03-23T06:55:42.535889 |
| xio.zoxte.dns.navy | ❌ Down (Error) | None | N/A | 2025-03-23T06:55:42.536076 |
| soho.perslist.com | ❌ Down (Error) | None | N/A | 2025-03-23T06:55:42.536260 |
| wonder.dynx.me | ❌ Down (Error) | None | N/A | 2025-03-23T06:55:42.536459 |
| edu.42web.io | ❌ Down (Error) | None | N/A | 2025-03-23T06:55:42.536634 |
| std.great-site.net | ❌ Down (Error) | None | N/A | 2025-03-23T06:55:42.536801 |
| std.kesug.com | ❌ Down (Error) | None | N/A | 2025-03-23T06:55:42.536957 |
| zoon.wuaze.com | ❌ Down (Error) | None | N/A | 2025-03-23T06:55:42.537067 |
| chatz.lovestoblog.com | ❌ Down (Error) | None | N/A | 2025-03-23T06:55:42.537184 |
| zok.free.nf | ❌ Down (Error) | None | N/A | 2025-03-23T06:55:42.537291 |
| inwen.wuaze.com | ❌ Down (Error) | None | N/A | 2025-03-23T06:55:42.537390 |
| linwen.rf.gd | ❌ Down (Error) | None | N/A | 2025-03-23T06:55:42.537486 |
| edu.lovestoblog.com | ❌ Down (Error) | None | N/A | 2025-03-23T06:55:42.537582 |
| bre.cloudns.ch | ❌ Down (Error) | None | N/A | 2025-03-23T06:55:42.537677 |
| std.000.pe | ❌ Down (Error) | None | N/A | 2025-03-23T06:55:42.537772 |
| daiwen.infinityfreeapp.com | ❌ Down (Error) | None | N/A | 2025-03-23T06:55:42.537905 |
| educ.free.nf | ❌ Down (Error) | None | N/A | 2025-03-23T06:55:42.538006 |
| miao.dns-dynamic.net | ❌ Down (Error) | None | N/A | 2025-03-23T06:55:42.538104 |
| sch.cloudns.be | ❌ Down (Error) | None | N/A | 2025-03-23T06:55:42.538219 |
| si.cloudns.be | ❌ Down (Error) | None | N/A | 2025-03-23T06:55:42.538320 |
| skyo.dns-dynamic.net | ❌ Down (Error) | None | N/A | 2025-03-23T06:55:42.538418 |
| vp.cloudns.be | ❌ Down (Error) | None | N/A | 2025-03-23T06:55:42.538513 |
| zoot.unaux.com | ❌ Down (Error) | None | N/A | 2025-03-23T06:55:42.538607 |
| www.muppets.cloudns.ch | ❌ Down (Error) | None | N/A | 2025-03-23T06:55:42.538703 |
| clo.cloudns.be | ❌ Down (Error) | None | N/A | 2025-03-23T06:55:42.538798 |
| duf.cloudns.ch | ❌ Down (Error) | None | N/A | 2025-03-23T06:55:42.538923 |
| lzi.cloudns.ch | ❌ Down (Error) | None | N/A | 2025-03-23T06:55:42.539039 |
| muppets.cloudns.ch | ❌ Down (Error) | None | N/A | 2025-03-23T06:55:42.539138 |
| sen.cloudns.be | ❌ Down (Error) | None | N/A | 2025-03-23T06:55:42.539245 |
| uto.cloudns.ch | ❌ Down (Error) | None | N/A | 2025-03-23T06:55:42.539367 |
| vp.dns-dynamic.net | ❌ Down (Error) | None | N/A | 2025-03-23T06:55:42.539466 |
| edu.tkpk.cc | ❌ Down (Error) | None | N/A | 2025-03-23T06:55:42.539561 |
| edu.ezpz.work | ❌ Down (Error) | None | N/A | 2025-03-23T06:55:42.539660 |
| woshiwoyansebuya.cloudns.be | ❌ Down (Error) | None | N/A | 2025-03-23T06:55:42.539758 |
| shisi.dns-dynamic.net | ❌ Down (Error) | None | N/A | 2025-03-23T06:55:42.539891 |
| www.xiaomaomi.dns-dynamic.net | ❌ Down (Error) | None | N/A | 2025-03-23T06:55:42.539992 |
| www.yiluhuohuadaishadian.dns-dynamic.net | ❌ Down (Error) | None | N/A | 2025-03-23T06:55:42.540090 |
| www.liniang.cloudns.be | ❌ Down (Error) | None | N/A | 2025-03-23T06:55:42.540246 |
| cdy52.pages.dev | ❌ Down (Error) | None | N/A | 2025-03-23T06:55:42.540363 |
| xio.live-on.net | ❌ Down (Error) | None | N/A | 2025-03-23T06:55:42.540462 |
| xio.mydns.tw | ❌ Down (Error) | None | N/A | 2025-03-23T06:55:42.540561 |
| xio.keyword-on.net | ❌ Down (Error) | None | N/A | 2025-03-23T06:55:42.540658 |
| xio.wjg.jp | ❌ Down (Error) | None | N/A | 2025-03-23T06:55:42.540751 |
| woxy.xio.keyword-on.net | ❌ Down (Error) | None | N/A | 2025-03-23T06:55:42.540864 |
| stdu.nyc.mn | ❌ Down (Error) | None | N/A | 2025-03-23T06:55:42.540959 |
| mokin.nyc.mn | ❌ Down (Error) | None | N/A | 2025-03-23T06:55:42.541051 |
| jxio.nyc.mn | ❌ Down (Error) | None | N/A | 2025-03-23T06:55:42.541147 |
| veco.nyc.mn | ❌ Down (Error) | None | N/A | 2025-03-23T06:55:42.541242 |
| zoot.nyc.mn | ❌ Down (Error) | None | N/A | 2025-03-23T06:55:42.541334 |
| xisu.nyc.mn | ❌ Down (Error) | None | N/A | 2025-03-23T06:55:42.541427 |
| odbar.stdu.nyc.mn | ❌ Down (Error) | None | N/A | 2025-03-23T06:55:42.541525 |
| res.zoot.nyc.mn | ❌ Down (Error) | None | N/A | 2025-03-23T06:55:42.541619 |
| age.xisu.nyc.mn | ❌ Down (Error) | None | N/A | 2025-03-23T06:55:42.541714 |
| eolin.avisa.dedyn.io | ❌ Down (Error) | None | N/A | 2025-03-23T06:55:42.541809 |
| zoot.serv00.net | ❌ Down (Error) | None | N/A | 2025-03-23T06:55:42.541939 |
| gzols.serv00.net | ❌ Down (Error) | None | N/A | 2025-03-23T06:55:42.542035 |
| zko.xio.live-on.net | ❌ Down (Error) | None | N/A | 2025-03-23T06:55:42.542129 |
| zkc.xio.live-on.net | ❌ Down (Error) | None | N/A | 2025-03-23T06:55:42.542222 |
| voxy.xio.gleeze.com | ❌ Down (Error) | None | N/A | 2025-03-23T06:55:42.542314 |
| mo.stdu.3d.tc | ❌ Down (Error) | None | N/A | 2025-03-23T06:55:42.542407 |
| wxi.jxs.byinter.net | ❌ Down (Error) | None | N/A | 2025-03-23T06:55:42.542501 |
| xoy.zhozo.cloudns.ch | ❌ Down (Error) | None | N/A | 2025-03-23T06:55:42.542595 |
| wxio.edu.x24hr.com | ❌ Down (Error) | None | N/A | 2025-03-23T06:55:42.542688 |
| wxi-8k0.edu.x24hr.com | ❌ Down (Error) | None | N/A | 2025-03-23T06:55:42.542781 |
| wxi-yqc.edu.x24hr.com | ❌ Down (Error) | None | N/A | 2025-03-23T06:55:42.542893 |
| lon.lxuei.cloudns.be | ❌ Down (Error) | None | N/A | 2025-03-23T06:55:42.542988 |
| www.woloveyangqin.dns-dynamic.net | ❌ Down (Error) | None | N/A | 2025-03-23T06:55:42.543083 |
| www.vast.cloudns.ch | ❌ Down (Error) | None | N/A | 2025-03-23T06:55:42.543176 |
| www.visa.com.sg | ❌ Down (Error) | None | N/A | 2025-03-23T06:55:42.543267 |
| dxzk.jxsoc.cc.ua | ❌ Down (Error) | None | N/A | 2025-03-23T06:55:42.543361 |
| xfus.educ.cloudns.biz | ❌ Down (Error) | None | N/A | 2025-03-23T06:55:42.543464 |
| wxi-tns.edu.x24hr.com | ❌ Down (Error) | None | N/A | 2025-03-23T06:55:42.543566 |
| wxi-38a.edu.x24hr.com | ❌ Down (Error) | None | N/A | 2025-03-23T06:55:42.543661 |
| wxi-8fm.xio.longmusic.com | ❌ Down (Error) | None | N/A | 2025-03-23T06:55:42.543755 |
| xinxin-d4h.xio.longmusic.com | ❌ Down (Error) | None | N/A | 2025-03-23T06:55:42.543872 |
| www.cdue.cloudns.ch | ❌ Down (Error) | None | N/A | 2025-03-23T06:55:42.543970 |
| www.zto.cloudns.ch | ❌ Down (Error) | None | N/A | 2025-03-23T06:55:42.544065 |
| wxio.xio.zyns.com | ❌ Down (Error) | None | N/A | 2025-03-23T06:55:42.544159 |
| www.kaxin.cloudns.ch | ❌ Down (Error) | None | N/A | 2025-03-23T06:55:42.544252 |
| www.kenelm.cloudns.ch | ❌ Down (Error) | None | N/A | 2025-03-23T06:55:42.544347 |
| uedi.xio.zyns.com | ❌ Down (Error) | None | N/A | 2025-03-23T06:55:42.544441 |
| wxi.xio.zyns.com | ❌ Down (Error) | None | N/A | 2025-03-23T06:55:42.544533 |
| iufeu.xio.dynamic-dns.net | ❌ Down (Error) | None | N/A | 2025-03-23T06:55:42.544626 |
| www.bre.cloudns.ch | ❌ Down (Error) | None | N/A | 2025-03-23T06:55:42.544720 |
| iorfuy.xio.dynamic-dns.net | ❌ Down (Error) | None | N/A | 2025-03-23T06:55:42.544834 |
| www.diffireworks.cloudns.org | ❌ Down (Error) | None | N/A | 2025-03-23T06:55:42.544938 |
| gedu.xio.zzux.com | ❌ Down (Error) | None | N/A | 2025-03-23T06:55:42.545038 |
| owire.xio.zzux.com | ❌ Down (Error) | None | N/A | 2025-03-23T06:55:42.545133 |
| ie23.xio.zzux.com | ❌ Down (Error) | None | N/A | 2025-03-23T06:55:42.545226 |
| ewfhho.xio.zzux.com | ❌ Down (Error) | None | N/A | 2025-03-23T06:55:42.545320 |
| ofoi.xio.longmusic.com | ❌ Down (Error) | None | N/A | 2025-03-23T06:55:42.545414 |
| dbng.xio.longmusic.com | ❌ Down (Error) | None | N/A | 2025-03-23T06:55:42.545510 |
| iuwe.zote.rr.nu | ❌ Down (Error) | None | N/A | 2025-03-23T06:55:42.545605 |
| www.ven.cloudns.biz | ❌ Down (Error) | None | N/A | 2025-03-23T06:55:42.545699 |
| iuwe.stdue.dynv6.net | ❌ Down (Error) | None | N/A | 2025-03-23T06:55:42.545795 |
| xio.won.cc.ua | ❌ Down (Error) | None | N/A | 2025-03-23T06:55:42.545921 |
| cdy.jxs.dix.asia | ❌ Down (Error) | None | N/A | 2025-03-23T06:55:42.546080 |
| djgj.xio.mydns.tw | ❌ Down (Error) | None | N/A | 2025-03-23T06:55:42.546199 |
| ekq.xio.keyword-on.net | ❌ Down (Error) | None | N/A | 2025-03-23T06:55:42.546296 |
| i8xx.xio.wjg.jp | ❌ Down (Error) | None | N/A | 2025-03-23T06:55:42.546389 |
| rsboat.wox.us.kg | ❌ Down (Error) | None | N/A | 2025-03-23T06:55:42.546483 |
| gqhuo.jxios.dynv6.net | ❌ Down (Error) | None | N/A | 2025-03-23T06:55:42.546576 |
| kzze.lzhoo.v6.navy | ❌ Down (Error) | None | N/A | 2025-03-23T06:55:42.546669 |
| woxy.limkco.evai.pl | ❌ Down (Error) | None | N/A | 2025-03-23T06:55:42.546762 |
| pxyu.sohoo.v6.army | ❌ Down (Error) | None | N/A | 2025-03-23T06:55:42.546886 |
| zerd.sohoo.dns.navy | ❌ Down (Error) | None | N/A | 2025-03-23T06:55:42.546989 |
| zxi.sohoo.v6.navy | ❌ Down (Error) | None | N/A | 2025-03-23T06:55:42.547085 |
| kosti.xio.dynamic-dns.net | ❌ Down (Error) | None | N/A | 2025-03-23T06:55:42.547178 |
| mckd.edu.as19557.net | ❌ Down (Error) | None | N/A | 2025-03-23T06:55:42.547271 |
| mirt.edu.as19557.net | ❌ Down (Error) | None | N/A | 2025-03-23T06:55:42.547369 |
| mjsd.xio.itsaol.com | ❌ Down (Error) | None | N/A | 2025-03-23T06:55:42.547462 |
| nitay.edu.qpoe.com | ❌ Down (Error) | None | N/A | 2025-03-23T06:55:42.547554 |
| sctsz.zote.cloudns.org | ❌ Down (Error) | None | N/A | 2025-03-23T06:55:42.547648 |
| xjisd.educ.cloudns.biz | ❌ Down (Error) | None | N/A | 2025-03-23T06:55:42.547741 |
| wibl.zfo.dns-dynamic.net | ❌ Down (Error) | None | N/A | 2025-03-23T06:55:42.547851 |
| wzko.siv.cloudns.ph | ❌ Down (Error) | None | N/A | 2025-03-23T06:55:42.547947 |
| xswi.wwo.cloudns.nz | ❌ Down (Error) | None | N/A | 2025-03-23T06:55:42.548041 |
| zelm.vast.cloudns.ch | ❌ Down (Error) | None | N/A | 2025-03-23T06:55:42.548134 |
| kjus.xio.cloud-ip.biz | ❌ Down (Error) | None | N/A | 2025-03-23T06:55:42.548227 |
| gitxc.vip.ip-dynamic.org | ❌ Down (Error) | None | N/A | 2025-03-23T06:55:42.548319 |
| bayio.edu.dynx.me | ❌ Down (Error) | None | N/A | 2025-03-23T06:55:42.548412 |
| towa.xio.bolo.fyi | ❌ Down (Error) | None | N/A | 2025-03-23T06:55:42.548505 |
| suco.edu.ezpz.work | ❌ Down (Error) | None | N/A | 2025-03-23T06:55:42.548599 |
| wov.soho.lovedub.net | ❌ Down (Error) | None | N/A | 2025-03-23T06:55:42.548692 |
| zipn.soho.lbahq.com | ❌ Down (Error) | None | N/A | 2025-03-23T06:55:42.548785 |
| parp.xeo.dedyn.io | ❌ Down (Error) | None | N/A | 2025-03-23T06:55:42.548896 |
| agei.svip.app.tc | ❌ Down (Error) | None | N/A | 2025-03-23T06:55:42.548990 |
| baic.kuilut.tic.tc | ❌ Down (Error) | None | N/A | 2025-03-23T06:55:42.549105 |
| dziy.svip.blogu.tc | ❌ Down (Error) | None | N/A | 2025-03-23T06:55:42.549210 |
| flq.wwon.con.tc | ❌ Down (Error) | None | N/A | 2025-03-23T06:55:42.549304 |
| rowb.svip.san.tc | ❌ Down (Error) | None | N/A | 2025-03-23T06:55:42.549401 |
| itss.wxio.sitesi.tc | ❌ Down (Error) | None | N/A | 2025-03-23T06:55:42.549494 |
| sni=xn--rss272l.us.kg | ❌ Down (Error) | None | N/A | 2025-03-23T06:55:42.549588 |
| cxaz.sohoo.isgre.at | ❌ Down (Error) | None | N/A | 2025-03-23T06:55:42.549683 |
