# Website Status

Below is the latest status of monitored websites:

| URL | Status | Status Code | Response Time | Last Checked |
|-----|--------|-------------|---------------|--------------|
| https://pandora-vercel-one-nu.vercel.app | ✅ Up | 200 | 2475.91 ms | 2025-03-20T08:59:34.519780 |
| https://chat-beta-woad.vercel.app | ✅ Up | 200 | 1968.15 ms | 2025-03-20T08:59:36.488121 |
| https://chatgpt-ai-jet.vercel.app | ✅ Up | 200 | 64.11 ms | 2025-03-20T08:59:36.552400 |
| https://ai-assistant-five-theta.vercel.app | ✅ Up | 200 | 107.34 ms | 2025-03-20T08:59:36.659911 |
| http://zot.ydns.eu | ⚠️ Down (Status: 404) | 404 | 646.60 ms | 2025-03-20T08:59:37.306675 |
| http://poxy.ydns.eu | ✅ Up | 200 | 657.50 ms | 2025-03-20T08:59:37.964275 |
| http://long.ydns.eu | ✅ Up | 200 | 644.00 ms | 2025-03-20T08:59:38.608385 |
| http://drv.ydns.eu | ✅ Up | 200 | 355.60 ms | 2025-03-20T08:59:38.964087 |
| cdue.cloudns.ch | ❌ Down (Error) | None | N/A | 2025-03-20T08:59:38.964443 |
| educ.cloudns.biz | ❌ Down (Error) | None | N/A | 2025-03-20T08:59:38.964671 |
| tau.cloudns.biz | ❌ Down (Error) | None | N/A | 2025-03-20T08:59:38.964810 |
| svip.cloudns.org | ❌ Down (Error) | None | N/A | 2025-03-20T08:59:38.964916 |
| zote.cloudns.org | ❌ Down (Error) | None | N/A | 2025-03-20T08:59:38.965018 |
| ven.cloudns.biz | ❌ Down (Error) | None | N/A | 2025-03-20T08:59:38.965118 |
| zfo.cloudns.org | ❌ Down (Error) | None | N/A | 2025-03-20T08:59:38.965228 |
| zfo.dns-dynamic.net | ❌ Down (Error) | None | N/A | 2025-03-20T08:59:38.965328 |
| diffireworks.cloudns.org | ❌ Down (Error) | None | N/A | 2025-03-20T08:59:38.965425 |
| vip.dns-dynamic.net | ❌ Down (Error) | None | N/A | 2025-03-20T08:59:38.965554 |
| dsk.cloudns.biz | ❌ Down (Error) | None | N/A | 2025-03-20T08:59:38.965657 |
| fox.dns-dynamic.net | ❌ Down (Error) | None | N/A | 2025-03-20T08:59:38.965754 |
| xiolin.dns-dynamic.net | ❌ Down (Error) | None | N/A | 2025-03-20T08:59:38.965849 |
| sac.cloudns.biz | ❌ Down (Error) | None | N/A | 2025-03-20T08:59:38.965941 |
| kaixin.cloudns.ch | ❌ Down (Error) | None | N/A | 2025-03-20T08:59:38.966042 |
| wwv.cloudns.be | ❌ Down (Error) | None | N/A | 2025-03-20T08:59:38.966135 |
| mov.cloudns.org | ❌ Down (Error) | None | N/A | 2025-03-20T08:59:38.966229 |
| pan.cloudns.org | ❌ Down (Error) | None | N/A | 2025-03-20T08:59:38.966329 |
| siv.cloudns.ph | ❌ Down (Error) | None | N/A | 2025-03-20T08:59:38.966423 |
| wwo.cloudns.nz | ❌ Down (Error) | None | N/A | 2025-03-20T08:59:38.966547 |
| std.cloudns.org | ❌ Down (Error) | None | N/A | 2025-03-20T08:59:38.966648 |
| vercel.dns-dynamic.net | ❌ Down (Error) | None | N/A | 2025-03-20T08:59:38.966743 |
| virgo.cloudns.biz | ❌ Down (Error) | None | N/A | 2025-03-20T08:59:38.966849 |
| wwo.cloudns.ch | ❌ Down (Error) | None | N/A | 2025-03-20T08:59:38.966944 |
| vx.cloudns.ch | ❌ Down (Error) | None | N/A | 2025-03-20T08:59:38.967040 |
| kenelm.cloudns.ch | ❌ Down (Error) | None | N/A | 2025-03-20T08:59:38.967135 |
| beer.dns-dynamic.net | ❌ Down (Error) | None | N/A | 2025-03-20T08:59:38.967238 |
| vast.cloudns.ch | ❌ Down (Error) | None | N/A | 2025-03-20T08:59:38.967334 |
| vice.cloudns.be | ❌ Down (Error) | None | N/A | 2025-03-20T08:59:38.967429 |
| ipen.eu.org | ❌ Down (Error) | None | N/A | 2025-03-20T08:59:38.967546 |
| kaxoi.eu.org | ❌ Down (Error) | None | N/A | 2025-03-20T08:59:38.967647 |
| kcoco.eu.org | ❌ Down (Error) | None | N/A | 2025-03-20T08:59:38.967749 |
| linqin.eu.org | ❌ Down (Error) | None | N/A | 2025-03-20T08:59:38.967846 |
| ricpig.eu.org | ❌ Down (Error) | None | N/A | 2025-03-20T08:59:38.967942 |
| skvip.eu.org | ❌ Down (Error) | None | N/A | 2025-03-20T08:59:38.968040 |
| skyle.eu.org | ❌ Down (Error) | None | N/A | 2025-03-20T08:59:38.968134 |
| suke.eu.org | ❌ Down (Error) | None | N/A | 2025-03-20T08:59:38.968227 |
| vercl.eu.org | ❌ Down (Error) | None | N/A | 2025-03-20T08:59:38.968322 |
| vipn.eu.org | ❌ Down (Error) | None | N/A | 2025-03-20T08:59:38.968420 |
| wvvp.eu.org | ❌ Down (Error) | None | N/A | 2025-03-20T08:59:38.968534 |
| ipzo.eu.org | ❌ Down (Error) | None | N/A | 2025-03-20T08:59:38.968642 |
| linqing.eu.org | ❌ Down (Error) | None | N/A | 2025-03-20T08:59:38.968741 |
| stds.eu.org | ❌ Down (Error) | None | N/A | 2025-03-20T08:59:38.968838 |
| viko.eu.org | ❌ Down (Error) | None | N/A | 2025-03-20T08:59:38.968930 |
| vipk.eu.org | ❌ Down (Error) | None | N/A | 2025-03-20T08:59:38.969024 |
| xongan.eu.org | ❌ Down (Error) | None | N/A | 2025-03-20T08:59:38.969120 |
| zosx.eu.org | ❌ Down (Error) | None | N/A | 2025-03-20T08:59:38.969215 |
| zot.dedyn.io | ❌ Down (Error) | None | N/A | 2025-03-20T08:59:38.969309 |
| xeo.dedyn.io | ❌ Down (Error) | None | N/A | 2025-03-20T08:59:38.969404 |
| std.dedyn.io | ❌ Down (Error) | None | N/A | 2025-03-20T08:59:38.969518 |
| xio.edu.publicvm.com | ❌ Down (Error) | None | N/A | 2025-03-20T08:59:38.969619 |
| xio.jxsio.v6.army | ❌ Down (Error) | None | N/A | 2025-03-20T08:59:38.969715 |
| xioo.jxios.dynv6.net | ❌ Down (Error) | None | N/A | 2025-03-20T08:59:38.969810 |
| xioo.kaxoi.eu.org | ❌ Down (Error) | None | N/A | 2025-03-20T08:59:38.969915 |
| xioo.wwo.cloudns.nz | ❌ Down (Error) | None | N/A | 2025-03-20T08:59:38.970010 |
| xio.siv.cloudns.ph | ❌ Down (Error) | None | N/A | 2025-03-20T08:59:38.970104 |
| xio.std.cloudns.ch | ❌ Down (Error) | None | N/A | 2025-03-20T08:59:38.970198 |
| xio.vip.dns-dynamic.net | ❌ Down (Error) | None | N/A | 2025-03-20T08:59:38.970292 |
| xio.zon.byinter.net | ❌ Down (Error) | None | N/A | 2025-03-20T08:59:38.970386 |
| xio.zoot.myfw.us | ❌ Down (Error) | None | N/A | 2025-03-20T08:59:38.970561 |
| xio.gzos.link | ❌ Down (Error) | None | N/A | 2025-03-20T08:59:38.970734 |
| xioo.educ.line.pm | ❌ Down (Error) | None | N/A | 2025-03-20T08:59:38.970902 |
| xio.sac.cloudns.biz | ❌ Down (Error) | None | N/A | 2025-03-20T08:59:38.971079 |
| xio.std.cloudns.org | ❌ Down (Error) | None | N/A | 2025-03-20T08:59:38.971241 |
| xio.std.kesug.com | ❌ Down (Error) | None | N/A | 2025-03-20T08:59:38.971395 |
| xio.stu.loveslife.biz | ❌ Down (Error) | None | N/A | 2025-03-20T08:59:38.971547 |
| xio.wwv.cloudns.be | ❌ Down (Error) | None | N/A | 2025-03-20T08:59:38.971654 |
| xio.xeo.dedyn.io | ❌ Down (Error) | None | N/A | 2025-03-20T08:59:38.971754 |
| xio.xiaohhh.xyz | ❌ Down (Error) | None | N/A | 2025-03-20T08:59:38.971851 |
| xio.zoten.onflashdrive.app | ❌ Down (Error) | None | N/A | 2025-03-20T08:59:38.971948 |
| xio.gzos.rr.nu | ❌ Down (Error) | None | N/A | 2025-03-20T08:59:38.972043 |
| xio.lzhoo.v6.navy | ❌ Down (Error) | None | N/A | 2025-03-20T08:59:38.972139 |
| xio.std.000.pe | ❌ Down (Error) | None | N/A | 2025-03-20T08:59:38.972237 |
| xio.wwvio.dns.army | ❌ Down (Error) | None | N/A | 2025-03-20T08:59:38.972336 |
| xio.zon.lookin.at | ❌ Down (Error) | None | N/A | 2025-03-20T08:59:38.972433 |
| xio.zon.myredirect.us | ❌ Down (Error) | None | N/A | 2025-03-20T08:59:38.972559 |
| xio.zos.22web.org | ❌ Down (Error) | None | N/A | 2025-03-20T08:59:38.972661 |
| xio.zot.rf.gd | ❌ Down (Error) | None | N/A | 2025-03-20T08:59:38.972757 |
| xio.zoxte.v6.army | ❌ Down (Error) | None | N/A | 2025-03-20T08:59:38.972853 |
| xio.zoxte.v6.rocks | ❌ Down (Error) | None | N/A | 2025-03-20T08:59:38.972947 |
| xio.soho.lovedub.net | ❌ Down (Error) | None | N/A | 2025-03-20T08:59:38.973046 |
| xio.xn--ebbpo8a.xn--y9a3aq | ❌ Down (Error) | None | N/A | 2025-03-20T08:59:38.973143 |
| xio.zoxte.dns.navy | ❌ Down (Error) | None | N/A | 2025-03-20T08:59:38.973237 |
| soho.perslist.com | ❌ Down (Error) | None | N/A | 2025-03-20T08:59:38.973329 |
| wonder.dynx.me | ❌ Down (Error) | None | N/A | 2025-03-20T08:59:38.973448 |
| edu.42web.io | ❌ Down (Error) | None | N/A | 2025-03-20T08:59:38.973595 |
| std.great-site.net | ❌ Down (Error) | None | N/A | 2025-03-20T08:59:38.973693 |
| std.kesug.com | ❌ Down (Error) | None | N/A | 2025-03-20T08:59:38.973787 |
| zoon.wuaze.com | ❌ Down (Error) | None | N/A | 2025-03-20T08:59:38.973881 |
| chatz.lovestoblog.com | ❌ Down (Error) | None | N/A | 2025-03-20T08:59:38.973974 |
| zok.free.nf | ❌ Down (Error) | None | N/A | 2025-03-20T08:59:38.974073 |
| inwen.wuaze.com | ❌ Down (Error) | None | N/A | 2025-03-20T08:59:38.974170 |
| linwen.rf.gd | ❌ Down (Error) | None | N/A | 2025-03-20T08:59:38.974263 |
| edu.lovestoblog.com | ❌ Down (Error) | None | N/A | 2025-03-20T08:59:38.974356 |
| bre.cloudns.ch | ❌ Down (Error) | None | N/A | 2025-03-20T08:59:38.974460 |
| std.000.pe | ❌ Down (Error) | None | N/A | 2025-03-20T08:59:38.974621 |
| daiwen.infinityfreeapp.com | ❌ Down (Error) | None | N/A | 2025-03-20T08:59:38.974721 |
| educ.free.nf | ❌ Down (Error) | None | N/A | 2025-03-20T08:59:38.974817 |
| miao.dns-dynamic.net | ❌ Down (Error) | None | N/A | 2025-03-20T08:59:38.974913 |
| sch.cloudns.be | ❌ Down (Error) | None | N/A | 2025-03-20T08:59:38.975007 |
| si.cloudns.be | ❌ Down (Error) | None | N/A | 2025-03-20T08:59:38.975101 |
| skyo.dns-dynamic.net | ❌ Down (Error) | None | N/A | 2025-03-20T08:59:38.975197 |
| vp.cloudns.be | ❌ Down (Error) | None | N/A | 2025-03-20T08:59:38.975290 |
| zoot.unaux.com | ❌ Down (Error) | None | N/A | 2025-03-20T08:59:38.975383 |
| www.muppets.cloudns.ch | ❌ Down (Error) | None | N/A | 2025-03-20T08:59:38.975477 |
| clo.cloudns.be | ❌ Down (Error) | None | N/A | 2025-03-20T08:59:38.975607 |
| duf.cloudns.ch | ❌ Down (Error) | None | N/A | 2025-03-20T08:59:38.975705 |
| lzi.cloudns.ch | ❌ Down (Error) | None | N/A | 2025-03-20T08:59:38.975800 |
| muppets.cloudns.ch | ❌ Down (Error) | None | N/A | 2025-03-20T08:59:38.975895 |
| sen.cloudns.be | ❌ Down (Error) | None | N/A | 2025-03-20T08:59:38.975995 |
| uto.cloudns.ch | ❌ Down (Error) | None | N/A | 2025-03-20T08:59:38.976090 |
| vp.dns-dynamic.net | ❌ Down (Error) | None | N/A | 2025-03-20T08:59:38.976184 |
| edu.tkpk.cc | ❌ Down (Error) | None | N/A | 2025-03-20T08:59:38.976281 |
| edu.ezpz.work | ❌ Down (Error) | None | N/A | 2025-03-20T08:59:38.976377 |
| woshiwoyansebuya.cloudns.be | ❌ Down (Error) | None | N/A | 2025-03-20T08:59:38.976471 |
| shisi.dns-dynamic.net | ❌ Down (Error) | None | N/A | 2025-03-20T08:59:38.976609 |
| www.xiaomaomi.dns-dynamic.net | ❌ Down (Error) | None | N/A | 2025-03-20T08:59:38.976711 |
| www.yiluhuohuadaishadian.dns-dynamic.net | ❌ Down (Error) | None | N/A | 2025-03-20T08:59:38.976809 |
| www.liniang.cloudns.be | ❌ Down (Error) | None | N/A | 2025-03-20T08:59:38.976905 |
| cdy52.pages.dev | ❌ Down (Error) | None | N/A | 2025-03-20T08:59:38.977061 |
| xio.live-on.net | ❌ Down (Error) | None | N/A | 2025-03-20T08:59:38.977184 |
| xio.mydns.tw | ❌ Down (Error) | None | N/A | 2025-03-20T08:59:38.977281 |
| xio.keyword-on.net | ❌ Down (Error) | None | N/A | 2025-03-20T08:59:38.977377 |
| xio.wjg.jp | ❌ Down (Error) | None | N/A | 2025-03-20T08:59:38.977470 |
| woxy.xio.keyword-on.net | ❌ Down (Error) | None | N/A | 2025-03-20T08:59:38.977596 |
| stdu.nyc.mn | ❌ Down (Error) | None | N/A | 2025-03-20T08:59:38.977693 |
| mokin.nyc.mn | ❌ Down (Error) | None | N/A | 2025-03-20T08:59:38.977791 |
| jxio.nyc.mn | ❌ Down (Error) | None | N/A | 2025-03-20T08:59:38.977887 |
| veco.nyc.mn | ❌ Down (Error) | None | N/A | 2025-03-20T08:59:38.977980 |
| zoot.nyc.mn | ❌ Down (Error) | None | N/A | 2025-03-20T08:59:38.978073 |
| xisu.nyc.mn | ❌ Down (Error) | None | N/A | 2025-03-20T08:59:38.978166 |
| odbar.stdu.nyc.mn | ❌ Down (Error) | None | N/A | 2025-03-20T08:59:38.978266 |
| res.zoot.nyc.mn | ❌ Down (Error) | None | N/A | 2025-03-20T08:59:38.978362 |
| age.xisu.nyc.mn | ❌ Down (Error) | None | N/A | 2025-03-20T08:59:38.978460 |
| eolin.avisa.dedyn.io | ❌ Down (Error) | None | N/A | 2025-03-20T08:59:38.978577 |
| zoot.serv00.net | ❌ Down (Error) | None | N/A | 2025-03-20T08:59:38.978673 |
| gzols.serv00.net | ❌ Down (Error) | None | N/A | 2025-03-20T08:59:38.978766 |
| zko.xio.live-on.net | ❌ Down (Error) | None | N/A | 2025-03-20T08:59:38.978860 |
| zkc.xio.live-on.net | ❌ Down (Error) | None | N/A | 2025-03-20T08:59:38.978953 |
| voxy.xio.gleeze.com | ❌ Down (Error) | None | N/A | 2025-03-20T08:59:38.979045 |
| mo.stdu.3d.tc | ❌ Down (Error) | None | N/A | 2025-03-20T08:59:38.979139 |
| wxi.jxs.byinter.net | ❌ Down (Error) | None | N/A | 2025-03-20T08:59:38.979232 |
| xoy.zhozo.cloudns.ch | ❌ Down (Error) | None | N/A | 2025-03-20T08:59:38.979325 |
| wxio.edu.x24hr.com | ❌ Down (Error) | None | N/A | 2025-03-20T08:59:38.979418 |
| wxi-8k0.edu.x24hr.com | ❌ Down (Error) | None | N/A | 2025-03-20T08:59:38.979539 |
| wxi-yqc.edu.x24hr.com | ❌ Down (Error) | None | N/A | 2025-03-20T08:59:38.979641 |
| lon.lxuei.cloudns.be | ❌ Down (Error) | None | N/A | 2025-03-20T08:59:38.979734 |
| www.woloveyangqin.dns-dynamic.net | ❌ Down (Error) | None | N/A | 2025-03-20T08:59:38.979829 |
| www.vast.cloudns.ch | ❌ Down (Error) | None | N/A | 2025-03-20T08:59:38.979922 |
| www.visa.com.sg | ❌ Down (Error) | None | N/A | 2025-03-20T08:59:38.980015 |
| dxzk.jxsoc.cc.ua | ❌ Down (Error) | None | N/A | 2025-03-20T08:59:38.980109 |
| xfus.educ.cloudns.biz | ❌ Down (Error) | None | N/A | 2025-03-20T08:59:38.980212 |
| wxi-tns.edu.x24hr.com | ❌ Down (Error) | None | N/A | 2025-03-20T08:59:38.980309 |
| wxi-38a.edu.x24hr.com | ❌ Down (Error) | None | N/A | 2025-03-20T08:59:38.980403 |
| wxi-8fm.xio.longmusic.com | ❌ Down (Error) | None | N/A | 2025-03-20T08:59:38.980515 |
| xinxin-d4h.xio.longmusic.com | ❌ Down (Error) | None | N/A | 2025-03-20T08:59:38.980615 |
| www.cdue.cloudns.ch | ❌ Down (Error) | None | N/A | 2025-03-20T08:59:38.980711 |
| www.zto.cloudns.ch | ❌ Down (Error) | None | N/A | 2025-03-20T08:59:38.980805 |
| wxio.xio.zyns.com | ❌ Down (Error) | None | N/A | 2025-03-20T08:59:38.980899 |
| www.kaxin.cloudns.ch | ❌ Down (Error) | None | N/A | 2025-03-20T08:59:38.980992 |
| www.kenelm.cloudns.ch | ❌ Down (Error) | None | N/A | 2025-03-20T08:59:38.981091 |
| uedi.xio.zyns.com | ❌ Down (Error) | None | N/A | 2025-03-20T08:59:38.981185 |
| wxi.xio.zyns.com | ❌ Down (Error) | None | N/A | 2025-03-20T08:59:38.981283 |
| iufeu.xio.dynamic-dns.net | ❌ Down (Error) | None | N/A | 2025-03-20T08:59:38.981383 |
| www.bre.cloudns.ch | ❌ Down (Error) | None | N/A | 2025-03-20T08:59:38.981478 |
| iorfuy.xio.dynamic-dns.net | ❌ Down (Error) | None | N/A | 2025-03-20T08:59:38.981608 |
| www.diffireworks.cloudns.org | ❌ Down (Error) | None | N/A | 2025-03-20T08:59:38.981709 |
| gedu.xio.zzux.com | ❌ Down (Error) | None | N/A | 2025-03-20T08:59:38.981813 |
| owire.xio.zzux.com | ❌ Down (Error) | None | N/A | 2025-03-20T08:59:38.981909 |
| ie23.xio.zzux.com | ❌ Down (Error) | None | N/A | 2025-03-20T08:59:38.982002 |
| ewfhho.xio.zzux.com | ❌ Down (Error) | None | N/A | 2025-03-20T08:59:38.982096 |
| ofoi.xio.longmusic.com | ❌ Down (Error) | None | N/A | 2025-03-20T08:59:38.982189 |
| dbng.xio.longmusic.com | ❌ Down (Error) | None | N/A | 2025-03-20T08:59:38.982282 |
| iuwe.zote.rr.nu | ❌ Down (Error) | None | N/A | 2025-03-20T08:59:38.982376 |
| www.ven.cloudns.biz | ❌ Down (Error) | None | N/A | 2025-03-20T08:59:38.982471 |
| iuwe.stdue.dynv6.net | ❌ Down (Error) | None | N/A | 2025-03-20T08:59:38.982602 |
| xio.won.cc.ua | ❌ Down (Error) | None | N/A | 2025-03-20T08:59:38.982702 |
| cdy.jxs.dix.asia | ❌ Down (Error) | None | N/A | 2025-03-20T08:59:38.982798 |
| djgj.xio.mydns.tw | ❌ Down (Error) | None | N/A | 2025-03-20T08:59:38.982951 |
| ekq.xio.keyword-on.net | ❌ Down (Error) | None | N/A | 2025-03-20T08:59:38.983076 |
| i8xx.xio.wjg.jp | ❌ Down (Error) | None | N/A | 2025-03-20T08:59:38.983173 |
| rsboat.wox.us.kg | ❌ Down (Error) | None | N/A | 2025-03-20T08:59:38.983267 |
| gqhuo.jxios.dynv6.net | ❌ Down (Error) | None | N/A | 2025-03-20T08:59:38.983361 |
| kzze.lzhoo.v6.navy | ❌ Down (Error) | None | N/A | 2025-03-20T08:59:38.983453 |
| woxy.limkco.evai.pl | ❌ Down (Error) | None | N/A | 2025-03-20T08:59:38.983577 |
| pxyu.sohoo.v6.army | ❌ Down (Error) | None | N/A | 2025-03-20T08:59:38.983675 |
| zerd.sohoo.dns.navy | ❌ Down (Error) | None | N/A | 2025-03-20T08:59:38.983769 |
| zxi.sohoo.v6.navy | ❌ Down (Error) | None | N/A | 2025-03-20T08:59:38.983872 |
| kosti.xio.dynamic-dns.net | ❌ Down (Error) | None | N/A | 2025-03-20T08:59:38.983966 |
| mckd.edu.as19557.net | ❌ Down (Error) | None | N/A | 2025-03-20T08:59:38.984058 |
| mirt.edu.as19557.net | ❌ Down (Error) | None | N/A | 2025-03-20T08:59:38.984157 |
| mjsd.xio.itsaol.com | ❌ Down (Error) | None | N/A | 2025-03-20T08:59:38.984251 |
| nitay.edu.qpoe.com | ❌ Down (Error) | None | N/A | 2025-03-20T08:59:38.984344 |
| sctsz.zote.cloudns.org | ❌ Down (Error) | None | N/A | 2025-03-20T08:59:38.984438 |
| xjisd.educ.cloudns.biz | ❌ Down (Error) | None | N/A | 2025-03-20T08:59:38.984552 |
| wibl.zfo.dns-dynamic.net | ❌ Down (Error) | None | N/A | 2025-03-20T08:59:38.984650 |
| wzko.siv.cloudns.ph | ❌ Down (Error) | None | N/A | 2025-03-20T08:59:38.984753 |
| xswi.wwo.cloudns.nz | ❌ Down (Error) | None | N/A | 2025-03-20T08:59:38.984846 |
| zelm.vast.cloudns.ch | ❌ Down (Error) | None | N/A | 2025-03-20T08:59:38.984942 |
| kjus.xio.cloud-ip.biz | ❌ Down (Error) | None | N/A | 2025-03-20T08:59:38.985036 |
| gitxc.vip.ip-dynamic.org | ❌ Down (Error) | None | N/A | 2025-03-20T08:59:38.985130 |
| bayio.edu.dynx.me | ❌ Down (Error) | None | N/A | 2025-03-20T08:59:38.985224 |
| towa.xio.bolo.fyi | ❌ Down (Error) | None | N/A | 2025-03-20T08:59:38.985319 |
| suco.edu.ezpz.work | ❌ Down (Error) | None | N/A | 2025-03-20T08:59:38.985412 |
| wov.soho.lovedub.net | ❌ Down (Error) | None | N/A | 2025-03-20T08:59:38.985531 |
| zipn.soho.lbahq.com | ❌ Down (Error) | None | N/A | 2025-03-20T08:59:38.985633 |
| parp.xeo.dedyn.io | ❌ Down (Error) | None | N/A | 2025-03-20T08:59:38.985728 |
| agei.svip.app.tc | ❌ Down (Error) | None | N/A | 2025-03-20T08:59:38.985822 |
| baic.kuilut.tic.tc | ❌ Down (Error) | None | N/A | 2025-03-20T08:59:38.985915 |
| dziy.svip.blogu.tc | ❌ Down (Error) | None | N/A | 2025-03-20T08:59:38.986015 |
| flq.wwon.con.tc | ❌ Down (Error) | None | N/A | 2025-03-20T08:59:38.986121 |
| rowb.svip.san.tc | ❌ Down (Error) | None | N/A | 2025-03-20T08:59:38.986219 |
| itss.wxio.sitesi.tc | ❌ Down (Error) | None | N/A | 2025-03-20T08:59:38.986315 |
| sni=xn--rss272l.us.kg | ❌ Down (Error) | None | N/A | 2025-03-20T08:59:38.986410 |
| cxaz.sohoo.isgre.at | ❌ Down (Error) | None | N/A | 2025-03-20T08:59:38.986527 |
