# Website Status

Below is the latest status of monitored websites:

| URL | Status | Status Code | Response Time | Last Checked |
|-----|--------|-------------|---------------|--------------|
| https://pandora-vercel-one-nu.vercel.app | ✅ Up | 200 | 2375.15 ms | 2025-03-28T20:49:42.835924 |
| https://chat-beta-woad.vercel.app | ✅ Up | 200 | 2394.44 ms | 2025-03-28T20:49:45.230544 |
| https://chatgpt-ai-jet.vercel.app | ✅ Up | 200 | 96.26 ms | 2025-03-28T20:49:45.326984 |
| https://ai-assistant-five-theta.vercel.app | ✅ Up | 200 | 80.18 ms | 2025-03-28T20:49:45.407269 |
| http://zot.ydns.eu | ⚠️ Down (Status: 404) | 404 | 822.96 ms | 2025-03-28T20:49:46.230403 |
| http://poxy.ydns.eu | ✅ Up | 200 | 648.48 ms | 2025-03-28T20:49:46.879007 |
| http://long.ydns.eu | ⚠️ Down (Status: 404) | 404 | 686.55 ms | 2025-03-28T20:49:47.565682 |
| http://drv.ydns.eu | ✅ Up | 200 | 627.59 ms | 2025-03-28T20:49:48.193400 |
| cdue.cloudns.ch | ❌ Down (Error) | None | N/A | 2025-03-28T20:49:48.193697 |
| educ.cloudns.biz | ❌ Down (Error) | None | N/A | 2025-03-28T20:49:48.193879 |
| tau.cloudns.biz | ❌ Down (Error) | None | N/A | 2025-03-28T20:49:48.194055 |
| svip.cloudns.org | ❌ Down (Error) | None | N/A | 2025-03-28T20:49:48.194241 |
| zote.cloudns.org | ❌ Down (Error) | None | N/A | 2025-03-28T20:49:48.194467 |
| ven.cloudns.biz | ❌ Down (Error) | None | N/A | 2025-03-28T20:49:48.194635 |
| zfo.cloudns.org | ❌ Down (Error) | None | N/A | 2025-03-28T20:49:48.194809 |
| zfo.dns-dynamic.net | ❌ Down (Error) | None | N/A | 2025-03-28T20:49:48.194970 |
| diffireworks.cloudns.org | ❌ Down (Error) | None | N/A | 2025-03-28T20:49:48.195129 |
| vip.dns-dynamic.net | ❌ Down (Error) | None | N/A | 2025-03-28T20:49:48.195291 |
| dsk.cloudns.biz | ❌ Down (Error) | None | N/A | 2025-03-28T20:49:48.195491 |
| fox.dns-dynamic.net | ❌ Down (Error) | None | N/A | 2025-03-28T20:49:48.195664 |
| xiolin.dns-dynamic.net | ❌ Down (Error) | None | N/A | 2025-03-28T20:49:48.195787 |
| sac.cloudns.biz | ❌ Down (Error) | None | N/A | 2025-03-28T20:49:48.195892 |
| kaixin.cloudns.ch | ❌ Down (Error) | None | N/A | 2025-03-28T20:49:48.196014 |
| wwv.cloudns.be | ❌ Down (Error) | None | N/A | 2025-03-28T20:49:48.196124 |
| mov.cloudns.org | ❌ Down (Error) | None | N/A | 2025-03-28T20:49:48.196221 |
| pan.cloudns.org | ❌ Down (Error) | None | N/A | 2025-03-28T20:49:48.196319 |
| siv.cloudns.ph | ❌ Down (Error) | None | N/A | 2025-03-28T20:49:48.196445 |
| wwo.cloudns.nz | ❌ Down (Error) | None | N/A | 2025-03-28T20:49:48.196552 |
| std.cloudns.org | ❌ Down (Error) | None | N/A | 2025-03-28T20:49:48.196651 |
| vercel.dns-dynamic.net | ❌ Down (Error) | None | N/A | 2025-03-28T20:49:48.196749 |
| virgo.cloudns.biz | ❌ Down (Error) | None | N/A | 2025-03-28T20:49:48.196857 |
| wwo.cloudns.ch | ❌ Down (Error) | None | N/A | 2025-03-28T20:49:48.196954 |
| vx.cloudns.ch | ❌ Down (Error) | None | N/A | 2025-03-28T20:49:48.197049 |
| kenelm.cloudns.ch | ❌ Down (Error) | None | N/A | 2025-03-28T20:49:48.197145 |
| beer.dns-dynamic.net | ❌ Down (Error) | None | N/A | 2025-03-28T20:49:48.197242 |
| vast.cloudns.ch | ❌ Down (Error) | None | N/A | 2025-03-28T20:49:48.197338 |
| vice.cloudns.be | ❌ Down (Error) | None | N/A | 2025-03-28T20:49:48.197455 |
| ipen.eu.org | ❌ Down (Error) | None | N/A | 2025-03-28T20:49:48.197552 |
| kaxoi.eu.org | ❌ Down (Error) | None | N/A | 2025-03-28T20:49:48.197647 |
| kcoco.eu.org | ❌ Down (Error) | None | N/A | 2025-03-28T20:49:48.197747 |
| linqin.eu.org | ❌ Down (Error) | None | N/A | 2025-03-28T20:49:48.197843 |
| ricpig.eu.org | ❌ Down (Error) | None | N/A | 2025-03-28T20:49:48.197938 |
| skvip.eu.org | ❌ Down (Error) | None | N/A | 2025-03-28T20:49:48.198036 |
| skyle.eu.org | ❌ Down (Error) | None | N/A | 2025-03-28T20:49:48.198131 |
| suke.eu.org | ❌ Down (Error) | None | N/A | 2025-03-28T20:49:48.198225 |
| vercl.eu.org | ❌ Down (Error) | None | N/A | 2025-03-28T20:49:48.198320 |
| vipn.eu.org | ❌ Down (Error) | None | N/A | 2025-03-28T20:49:48.198434 |
| wvvp.eu.org | ❌ Down (Error) | None | N/A | 2025-03-28T20:49:48.198537 |
| ipzo.eu.org | ❌ Down (Error) | None | N/A | 2025-03-28T20:49:48.198631 |
| linqing.eu.org | ❌ Down (Error) | None | N/A | 2025-03-28T20:49:48.198729 |
| stds.eu.org | ❌ Down (Error) | None | N/A | 2025-03-28T20:49:48.198825 |
| viko.eu.org | ❌ Down (Error) | None | N/A | 2025-03-28T20:49:48.198918 |
| vipk.eu.org | ❌ Down (Error) | None | N/A | 2025-03-28T20:49:48.199010 |
| xongan.eu.org | ❌ Down (Error) | None | N/A | 2025-03-28T20:49:48.199104 |
| zosx.eu.org | ❌ Down (Error) | None | N/A | 2025-03-28T20:49:48.199197 |
| zot.dedyn.io | ❌ Down (Error) | None | N/A | 2025-03-28T20:49:48.199290 |
| xeo.dedyn.io | ❌ Down (Error) | None | N/A | 2025-03-28T20:49:48.199403 |
| std.dedyn.io | ❌ Down (Error) | None | N/A | 2025-03-28T20:49:48.199503 |
| xio.edu.publicvm.com | ❌ Down (Error) | None | N/A | 2025-03-28T20:49:48.199598 |
| xio.jxsio.v6.army | ❌ Down (Error) | None | N/A | 2025-03-28T20:49:48.199692 |
| xioo.jxios.dynv6.net | ❌ Down (Error) | None | N/A | 2025-03-28T20:49:48.199786 |
| xioo.kaxoi.eu.org | ❌ Down (Error) | None | N/A | 2025-03-28T20:49:48.199884 |
| xioo.wwo.cloudns.nz | ❌ Down (Error) | None | N/A | 2025-03-28T20:49:48.199978 |
| xio.siv.cloudns.ph | ❌ Down (Error) | None | N/A | 2025-03-28T20:49:48.200071 |
| xio.std.cloudns.ch | ❌ Down (Error) | None | N/A | 2025-03-28T20:49:48.200164 |
| xio.vip.dns-dynamic.net | ❌ Down (Error) | None | N/A | 2025-03-28T20:49:48.200257 |
| xio.zon.byinter.net | ❌ Down (Error) | None | N/A | 2025-03-28T20:49:48.200414 |
| xio.zoot.myfw.us | ❌ Down (Error) | None | N/A | 2025-03-28T20:49:48.200567 |
| xio.gzos.link | ❌ Down (Error) | None | N/A | 2025-03-28T20:49:48.200707 |
| xioo.educ.line.pm | ❌ Down (Error) | None | N/A | 2025-03-28T20:49:48.200853 |
| xio.sac.cloudns.biz | ❌ Down (Error) | None | N/A | 2025-03-28T20:49:48.200959 |
| xio.std.cloudns.org | ❌ Down (Error) | None | N/A | 2025-03-28T20:49:48.201055 |
| xio.std.kesug.com | ❌ Down (Error) | None | N/A | 2025-03-28T20:49:48.201151 |
| xio.stu.loveslife.biz | ❌ Down (Error) | None | N/A | 2025-03-28T20:49:48.201245 |
| xio.wwv.cloudns.be | ❌ Down (Error) | None | N/A | 2025-03-28T20:49:48.201339 |
| xio.xeo.dedyn.io | ❌ Down (Error) | None | N/A | 2025-03-28T20:49:48.201470 |
| xio.xiaohhh.xyz | ❌ Down (Error) | None | N/A | 2025-03-28T20:49:48.201582 |
| xio.zoten.onflashdrive.app | ❌ Down (Error) | None | N/A | 2025-03-28T20:49:48.201678 |
| xio.gzos.rr.nu | ❌ Down (Error) | None | N/A | 2025-03-28T20:49:48.201772 |
| xio.lzhoo.v6.navy | ❌ Down (Error) | None | N/A | 2025-03-28T20:49:48.201865 |
| xio.std.000.pe | ❌ Down (Error) | None | N/A | 2025-03-28T20:49:48.201961 |
| xio.wwvio.dns.army | ❌ Down (Error) | None | N/A | 2025-03-28T20:49:48.202056 |
| xio.zon.lookin.at | ❌ Down (Error) | None | N/A | 2025-03-28T20:49:48.202149 |
| xio.zon.myredirect.us | ❌ Down (Error) | None | N/A | 2025-03-28T20:49:48.202243 |
| xio.zos.22web.org | ❌ Down (Error) | None | N/A | 2025-03-28T20:49:48.202336 |
| xio.zot.rf.gd | ❌ Down (Error) | None | N/A | 2025-03-28T20:49:48.202450 |
| xio.zoxte.v6.army | ❌ Down (Error) | None | N/A | 2025-03-28T20:49:48.202546 |
| xio.zoxte.v6.rocks | ❌ Down (Error) | None | N/A | 2025-03-28T20:49:48.202640 |
| xio.soho.lovedub.net | ❌ Down (Error) | None | N/A | 2025-03-28T20:49:48.202744 |
| xio.xn--ebbpo8a.xn--y9a3aq | ❌ Down (Error) | None | N/A | 2025-03-28T20:49:48.202843 |
| xio.zoxte.dns.navy | ❌ Down (Error) | None | N/A | 2025-03-28T20:49:48.202938 |
| soho.perslist.com | ❌ Down (Error) | None | N/A | 2025-03-28T20:49:48.203030 |
| wonder.dynx.me | ❌ Down (Error) | None | N/A | 2025-03-28T20:49:48.203130 |
| edu.42web.io | ❌ Down (Error) | None | N/A | 2025-03-28T20:49:48.203224 |
| std.great-site.net | ❌ Down (Error) | None | N/A | 2025-03-28T20:49:48.203317 |
| std.kesug.com | ❌ Down (Error) | None | N/A | 2025-03-28T20:49:48.203430 |
| zoon.wuaze.com | ❌ Down (Error) | None | N/A | 2025-03-28T20:49:48.203525 |
| chatz.lovestoblog.com | ❌ Down (Error) | None | N/A | 2025-03-28T20:49:48.203617 |
| zok.free.nf | ❌ Down (Error) | None | N/A | 2025-03-28T20:49:48.203714 |
| inwen.wuaze.com | ❌ Down (Error) | None | N/A | 2025-03-28T20:49:48.203807 |
| linwen.rf.gd | ❌ Down (Error) | None | N/A | 2025-03-28T20:49:48.203901 |
| edu.lovestoblog.com | ❌ Down (Error) | None | N/A | 2025-03-28T20:49:48.203993 |
| bre.cloudns.ch | ❌ Down (Error) | None | N/A | 2025-03-28T20:49:48.204085 |
| std.000.pe | ❌ Down (Error) | None | N/A | 2025-03-28T20:49:48.204178 |
| daiwen.infinityfreeapp.com | ❌ Down (Error) | None | N/A | 2025-03-28T20:49:48.204271 |
| educ.free.nf | ❌ Down (Error) | None | N/A | 2025-03-28T20:49:48.204364 |
| miao.dns-dynamic.net | ❌ Down (Error) | None | N/A | 2025-03-28T20:49:48.204477 |
| sch.cloudns.be | ❌ Down (Error) | None | N/A | 2025-03-28T20:49:48.204570 |
| si.cloudns.be | ❌ Down (Error) | None | N/A | 2025-03-28T20:49:48.204662 |
| skyo.dns-dynamic.net | ❌ Down (Error) | None | N/A | 2025-03-28T20:49:48.204755 |
| vp.cloudns.be | ❌ Down (Error) | None | N/A | 2025-03-28T20:49:48.204847 |
| zoot.unaux.com | ❌ Down (Error) | None | N/A | 2025-03-28T20:49:48.204940 |
| www.muppets.cloudns.ch | ❌ Down (Error) | None | N/A | 2025-03-28T20:49:48.205033 |
| clo.cloudns.be | ❌ Down (Error) | None | N/A | 2025-03-28T20:49:48.205125 |
| duf.cloudns.ch | ❌ Down (Error) | None | N/A | 2025-03-28T20:49:48.205218 |
| lzi.cloudns.ch | ❌ Down (Error) | None | N/A | 2025-03-28T20:49:48.205310 |
| muppets.cloudns.ch | ❌ Down (Error) | None | N/A | 2025-03-28T20:49:48.205419 |
| sen.cloudns.be | ❌ Down (Error) | None | N/A | 2025-03-28T20:49:48.205524 |
| uto.cloudns.ch | ❌ Down (Error) | None | N/A | 2025-03-28T20:49:48.205617 |
| vp.dns-dynamic.net | ❌ Down (Error) | None | N/A | 2025-03-28T20:49:48.205709 |
| edu.tkpk.cc | ❌ Down (Error) | None | N/A | 2025-03-28T20:49:48.205806 |
| edu.ezpz.work | ❌ Down (Error) | None | N/A | 2025-03-28T20:49:48.205901 |
| woshiwoyansebuya.cloudns.be | ❌ Down (Error) | None | N/A | 2025-03-28T20:49:48.205995 |
| shisi.dns-dynamic.net | ❌ Down (Error) | None | N/A | 2025-03-28T20:49:48.206094 |
| www.xiaomaomi.dns-dynamic.net | ❌ Down (Error) | None | N/A | 2025-03-28T20:49:48.206189 |
| www.yiluhuohuadaishadian.dns-dynamic.net | ❌ Down (Error) | None | N/A | 2025-03-28T20:49:48.206292 |
| www.liniang.cloudns.be | ❌ Down (Error) | None | N/A | 2025-03-28T20:49:48.206481 |
| cdy52.pages.dev | ❌ Down (Error) | None | N/A | 2025-03-28T20:49:48.206633 |
| xio.live-on.net | ❌ Down (Error) | None | N/A | 2025-03-28T20:49:48.206772 |
| xio.mydns.tw | ❌ Down (Error) | None | N/A | 2025-03-28T20:49:48.206910 |
| xio.keyword-on.net | ❌ Down (Error) | None | N/A | 2025-03-28T20:49:48.207051 |
| xio.wjg.jp | ❌ Down (Error) | None | N/A | 2025-03-28T20:49:48.207152 |
| woxy.xio.keyword-on.net | ❌ Down (Error) | None | N/A | 2025-03-28T20:49:48.207247 |
| stdu.nyc.mn | ❌ Down (Error) | None | N/A | 2025-03-28T20:49:48.207346 |
| mokin.nyc.mn | ❌ Down (Error) | None | N/A | 2025-03-28T20:49:48.207473 |
| jxio.nyc.mn | ❌ Down (Error) | None | N/A | 2025-03-28T20:49:48.207574 |
| veco.nyc.mn | ❌ Down (Error) | None | N/A | 2025-03-28T20:49:48.207670 |
| zoot.nyc.mn | ❌ Down (Error) | None | N/A | 2025-03-28T20:49:48.207764 |
| xisu.nyc.mn | ❌ Down (Error) | None | N/A | 2025-03-28T20:49:48.207857 |
| odbar.stdu.nyc.mn | ❌ Down (Error) | None | N/A | 2025-03-28T20:49:48.207955 |
| res.zoot.nyc.mn | ❌ Down (Error) | None | N/A | 2025-03-28T20:49:48.208049 |
| age.xisu.nyc.mn | ❌ Down (Error) | None | N/A | 2025-03-28T20:49:48.208146 |
| eolin.avisa.dedyn.io | ❌ Down (Error) | None | N/A | 2025-03-28T20:49:48.208242 |
| zoot.serv00.net | ❌ Down (Error) | None | N/A | 2025-03-28T20:49:48.208341 |
| gzols.serv00.net | ❌ Down (Error) | None | N/A | 2025-03-28T20:49:48.208454 |
| zko.xio.live-on.net | ❌ Down (Error) | None | N/A | 2025-03-28T20:49:48.208549 |
| zkc.xio.live-on.net | ❌ Down (Error) | None | N/A | 2025-03-28T20:49:48.208642 |
| voxy.xio.gleeze.com | ❌ Down (Error) | None | N/A | 2025-03-28T20:49:48.208734 |
| mo.stdu.3d.tc | ❌ Down (Error) | None | N/A | 2025-03-28T20:49:48.208826 |
| wxi.jxs.byinter.net | ❌ Down (Error) | None | N/A | 2025-03-28T20:49:48.208919 |
| xoy.zhozo.cloudns.ch | ❌ Down (Error) | None | N/A | 2025-03-28T20:49:48.209013 |
| wxio.edu.x24hr.com | ❌ Down (Error) | None | N/A | 2025-03-28T20:49:48.209105 |
| wxi-8k0.edu.x24hr.com | ❌ Down (Error) | None | N/A | 2025-03-28T20:49:48.209198 |
| wxi-yqc.edu.x24hr.com | ❌ Down (Error) | None | N/A | 2025-03-28T20:49:48.209296 |
| lon.lxuei.cloudns.be | ❌ Down (Error) | None | N/A | 2025-03-28T20:49:48.209419 |
| www.woloveyangqin.dns-dynamic.net | ❌ Down (Error) | None | N/A | 2025-03-28T20:49:48.209522 |
| www.vast.cloudns.ch | ❌ Down (Error) | None | N/A | 2025-03-28T20:49:48.209616 |
| www.visa.com.sg | ❌ Down (Error) | None | N/A | 2025-03-28T20:49:48.209709 |
| dxzk.jxsoc.cc.ua | ❌ Down (Error) | None | N/A | 2025-03-28T20:49:48.209803 |
| xfus.educ.cloudns.biz | ❌ Down (Error) | None | N/A | 2025-03-28T20:49:48.209904 |
| wxi-tns.edu.x24hr.com | ❌ Down (Error) | None | N/A | 2025-03-28T20:49:48.209999 |
| wxi-38a.edu.x24hr.com | ❌ Down (Error) | None | N/A | 2025-03-28T20:49:48.210094 |
| wxi-8fm.xio.longmusic.com | ❌ Down (Error) | None | N/A | 2025-03-28T20:49:48.210189 |
| xinxin-d4h.xio.longmusic.com | ❌ Down (Error) | None | N/A | 2025-03-28T20:49:48.210289 |
| www.cdue.cloudns.ch | ❌ Down (Error) | None | N/A | 2025-03-28T20:49:48.210407 |
| www.zto.cloudns.ch | ❌ Down (Error) | None | N/A | 2025-03-28T20:49:48.210504 |
| wxio.xio.zyns.com | ❌ Down (Error) | None | N/A | 2025-03-28T20:49:48.210598 |
| www.kaxin.cloudns.ch | ❌ Down (Error) | None | N/A | 2025-03-28T20:49:48.210691 |
| www.kenelm.cloudns.ch | ❌ Down (Error) | None | N/A | 2025-03-28T20:49:48.210785 |
| uedi.xio.zyns.com | ❌ Down (Error) | None | N/A | 2025-03-28T20:49:48.210878 |
| wxi.xio.zyns.com | ❌ Down (Error) | None | N/A | 2025-03-28T20:49:48.210971 |
| iufeu.xio.dynamic-dns.net | ❌ Down (Error) | None | N/A | 2025-03-28T20:49:48.211068 |
| www.bre.cloudns.ch | ❌ Down (Error) | None | N/A | 2025-03-28T20:49:48.211166 |
| iorfuy.xio.dynamic-dns.net | ❌ Down (Error) | None | N/A | 2025-03-28T20:49:48.211264 |
| www.diffireworks.cloudns.org | ❌ Down (Error) | None | N/A | 2025-03-28T20:49:48.211366 |
| gedu.xio.zzux.com | ❌ Down (Error) | None | N/A | 2025-03-28T20:49:48.211489 |
| owire.xio.zzux.com | ❌ Down (Error) | None | N/A | 2025-03-28T20:49:48.211587 |
| ie23.xio.zzux.com | ❌ Down (Error) | None | N/A | 2025-03-28T20:49:48.211681 |
| ewfhho.xio.zzux.com | ❌ Down (Error) | None | N/A | 2025-03-28T20:49:48.211791 |
| ofoi.xio.longmusic.com | ❌ Down (Error) | None | N/A | 2025-03-28T20:49:48.211891 |
| dbng.xio.longmusic.com | ❌ Down (Error) | None | N/A | 2025-03-28T20:49:48.211986 |
| iuwe.zote.rr.nu | ❌ Down (Error) | None | N/A | 2025-03-28T20:49:48.212081 |
| www.ven.cloudns.biz | ❌ Down (Error) | None | N/A | 2025-03-28T20:49:48.212174 |
| iuwe.stdue.dynv6.net | ❌ Down (Error) | None | N/A | 2025-03-28T20:49:48.212280 |
| xio.won.cc.ua | ❌ Down (Error) | None | N/A | 2025-03-28T20:49:48.212400 |
| cdy.jxs.dix.asia | ❌ Down (Error) | None | N/A | 2025-03-28T20:49:48.212581 |
| djgj.xio.mydns.tw | ❌ Down (Error) | None | N/A | 2025-03-28T20:49:48.212735 |
| ekq.xio.keyword-on.net | ❌ Down (Error) | None | N/A | 2025-03-28T20:49:48.212878 |
| i8xx.xio.wjg.jp | ❌ Down (Error) | None | N/A | 2025-03-28T20:49:48.213021 |
| rsboat.wox.us.kg | ❌ Down (Error) | None | N/A | 2025-03-28T20:49:48.213162 |
| gqhuo.jxios.dynv6.net | ❌ Down (Error) | None | N/A | 2025-03-28T20:49:48.213268 |
| kzze.lzhoo.v6.navy | ❌ Down (Error) | None | N/A | 2025-03-28T20:49:48.213364 |
| woxy.limkco.evai.pl | ❌ Down (Error) | None | N/A | 2025-03-28T20:49:48.213499 |
| pxyu.sohoo.v6.army | ❌ Down (Error) | None | N/A | 2025-03-28T20:49:48.213596 |
| zerd.sohoo.dns.navy | ❌ Down (Error) | None | N/A | 2025-03-28T20:49:48.213690 |
| zxi.sohoo.v6.navy | ❌ Down (Error) | None | N/A | 2025-03-28T20:49:48.213784 |
| kosti.xio.dynamic-dns.net | ❌ Down (Error) | None | N/A | 2025-03-28T20:49:48.213880 |
| mckd.edu.as19557.net | ❌ Down (Error) | None | N/A | 2025-03-28T20:49:48.213974 |
| mirt.edu.as19557.net | ❌ Down (Error) | None | N/A | 2025-03-28T20:49:48.214075 |
| mjsd.xio.itsaol.com | ❌ Down (Error) | None | N/A | 2025-03-28T20:49:48.214180 |
| nitay.edu.qpoe.com | ❌ Down (Error) | None | N/A | 2025-03-28T20:49:48.214283 |
| sctsz.zote.cloudns.org | ❌ Down (Error) | None | N/A | 2025-03-28T20:49:48.214397 |
| xjisd.educ.cloudns.biz | ❌ Down (Error) | None | N/A | 2025-03-28T20:49:48.214512 |
| wibl.zfo.dns-dynamic.net | ❌ Down (Error) | None | N/A | 2025-03-28T20:49:48.214608 |
| wzko.siv.cloudns.ph | ❌ Down (Error) | None | N/A | 2025-03-28T20:49:48.214702 |
| xswi.wwo.cloudns.nz | ❌ Down (Error) | None | N/A | 2025-03-28T20:49:48.214796 |
| zelm.vast.cloudns.ch | ❌ Down (Error) | None | N/A | 2025-03-28T20:49:48.214889 |
| kjus.xio.cloud-ip.biz | ❌ Down (Error) | None | N/A | 2025-03-28T20:49:48.214983 |
| gitxc.vip.ip-dynamic.org | ❌ Down (Error) | None | N/A | 2025-03-28T20:49:48.215076 |
| bayio.edu.dynx.me | ❌ Down (Error) | None | N/A | 2025-03-28T20:49:48.215169 |
| towa.xio.bolo.fyi | ❌ Down (Error) | None | N/A | 2025-03-28T20:49:48.215263 |
| suco.edu.ezpz.work | ❌ Down (Error) | None | N/A | 2025-03-28T20:49:48.215364 |
| wov.soho.lovedub.net | ❌ Down (Error) | None | N/A | 2025-03-28T20:49:48.215479 |
| zipn.soho.lbahq.com | ❌ Down (Error) | None | N/A | 2025-03-28T20:49:48.215573 |
| parp.xeo.dedyn.io | ❌ Down (Error) | None | N/A | 2025-03-28T20:49:48.215667 |
| agei.svip.app.tc | ❌ Down (Error) | None | N/A | 2025-03-28T20:49:48.215760 |
| baic.kuilut.tic.tc | ❌ Down (Error) | None | N/A | 2025-03-28T20:49:48.215853 |
| dziy.svip.blogu.tc | ❌ Down (Error) | None | N/A | 2025-03-28T20:49:48.215953 |
| flq.wwon.con.tc | ❌ Down (Error) | None | N/A | 2025-03-28T20:49:48.216048 |
| rowb.svip.san.tc | ❌ Down (Error) | None | N/A | 2025-03-28T20:49:48.216147 |
| itss.wxio.sitesi.tc | ❌ Down (Error) | None | N/A | 2025-03-28T20:49:48.216243 |
| sni=xn--rss272l.us.kg | ❌ Down (Error) | None | N/A | 2025-03-28T20:49:48.216343 |
| cxaz.sohoo.isgre.at | ❌ Down (Error) | None | N/A | 2025-03-28T20:49:48.216464 |
| subi.zone.id | ❌ Down (Error) | None | N/A | 2025-03-28T20:49:48.216827 |
| muzic.zone.id | ❌ Down (Error) | None | N/A | 2025-03-28T20:49:48.216925 |
