# Website Status

Below is the latest status of monitored websites:

| URL | Status | Status Code | Response Time | Last Checked |
|-----|--------|-------------|---------------|--------------|
| https://pandora-vercel-one-nu.vercel.app | ✅ Up | 200 | 2381.40 ms | 2025-03-26T09:39:52.987536 |
| https://chat-beta-woad.vercel.app | ✅ Up | 200 | 2554.09 ms | 2025-03-26T09:39:55.541814 |
| https://chatgpt-ai-jet.vercel.app | ✅ Up | 200 | 140.08 ms | 2025-03-26T09:39:55.682060 |
| https://ai-assistant-five-theta.vercel.app | ✅ Up | 200 | 108.28 ms | 2025-03-26T09:39:55.790458 |
| http://zot.ydns.eu | ⚠️ Down (Status: 404) | 404 | 811.43 ms | 2025-03-26T09:39:56.602034 |
| http://poxy.ydns.eu | ✅ Up | 200 | 557.60 ms | 2025-03-26T09:39:57.159722 |
| http://long.ydns.eu | ⚠️ Down (Status: 404) | 404 | 354.52 ms | 2025-03-26T09:39:57.514347 |
| http://drv.ydns.eu | ✅ Up | 200 | 527.94 ms | 2025-03-26T09:39:58.042391 |
| cdue.cloudns.ch | ❌ Down (Error) | None | N/A | 2025-03-26T09:39:58.042765 |
| educ.cloudns.biz | ❌ Down (Error) | None | N/A | 2025-03-26T09:39:58.042957 |
| tau.cloudns.biz | ❌ Down (Error) | None | N/A | 2025-03-26T09:39:58.043083 |
| svip.cloudns.org | ❌ Down (Error) | None | N/A | 2025-03-26T09:39:58.043192 |
| zote.cloudns.org | ❌ Down (Error) | None | N/A | 2025-03-26T09:39:58.043295 |
| ven.cloudns.biz | ❌ Down (Error) | None | N/A | 2025-03-26T09:39:58.043420 |
| zfo.cloudns.org | ❌ Down (Error) | None | N/A | 2025-03-26T09:39:58.043569 |
| zfo.dns-dynamic.net | ❌ Down (Error) | None | N/A | 2025-03-26T09:39:58.043702 |
| diffireworks.cloudns.org | ❌ Down (Error) | None | N/A | 2025-03-26T09:39:58.043806 |
| vip.dns-dynamic.net | ❌ Down (Error) | None | N/A | 2025-03-26T09:39:58.043904 |
| dsk.cloudns.biz | ❌ Down (Error) | None | N/A | 2025-03-26T09:39:58.043999 |
| fox.dns-dynamic.net | ❌ Down (Error) | None | N/A | 2025-03-26T09:39:58.044096 |
| xiolin.dns-dynamic.net | ❌ Down (Error) | None | N/A | 2025-03-26T09:39:58.044191 |
| sac.cloudns.biz | ❌ Down (Error) | None | N/A | 2025-03-26T09:39:58.044285 |
| kaixin.cloudns.ch | ❌ Down (Error) | None | N/A | 2025-03-26T09:39:58.044388 |
| wwv.cloudns.be | ❌ Down (Error) | None | N/A | 2025-03-26T09:39:58.044483 |
| mov.cloudns.org | ❌ Down (Error) | None | N/A | 2025-03-26T09:39:58.044605 |
| pan.cloudns.org | ❌ Down (Error) | None | N/A | 2025-03-26T09:39:58.044702 |
| siv.cloudns.ph | ❌ Down (Error) | None | N/A | 2025-03-26T09:39:58.044798 |
| wwo.cloudns.nz | ❌ Down (Error) | None | N/A | 2025-03-26T09:39:58.044899 |
| std.cloudns.org | ❌ Down (Error) | None | N/A | 2025-03-26T09:39:58.044994 |
| vercel.dns-dynamic.net | ❌ Down (Error) | None | N/A | 2025-03-26T09:39:58.045094 |
| virgo.cloudns.biz | ❌ Down (Error) | None | N/A | 2025-03-26T09:39:58.045201 |
| wwo.cloudns.ch | ❌ Down (Error) | None | N/A | 2025-03-26T09:39:58.045297 |
| vx.cloudns.ch | ❌ Down (Error) | None | N/A | 2025-03-26T09:39:58.045391 |
| kenelm.cloudns.ch | ❌ Down (Error) | None | N/A | 2025-03-26T09:39:58.045486 |
| beer.dns-dynamic.net | ❌ Down (Error) | None | N/A | 2025-03-26T09:39:58.045606 |
| vast.cloudns.ch | ❌ Down (Error) | None | N/A | 2025-03-26T09:39:58.045701 |
| vice.cloudns.be | ❌ Down (Error) | None | N/A | 2025-03-26T09:39:58.045795 |
| ipen.eu.org | ❌ Down (Error) | None | N/A | 2025-03-26T09:39:58.045891 |
| kaxoi.eu.org | ❌ Down (Error) | None | N/A | 2025-03-26T09:39:58.045983 |
| kcoco.eu.org | ❌ Down (Error) | None | N/A | 2025-03-26T09:39:58.046081 |
| linqin.eu.org | ❌ Down (Error) | None | N/A | 2025-03-26T09:39:58.046175 |
| ricpig.eu.org | ❌ Down (Error) | None | N/A | 2025-03-26T09:39:58.046268 |
| skvip.eu.org | ❌ Down (Error) | None | N/A | 2025-03-26T09:39:58.046367 |
| skyle.eu.org | ❌ Down (Error) | None | N/A | 2025-03-26T09:39:58.046461 |
| suke.eu.org | ❌ Down (Error) | None | N/A | 2025-03-26T09:39:58.046582 |
| vercl.eu.org | ❌ Down (Error) | None | N/A | 2025-03-26T09:39:58.046686 |
| vipn.eu.org | ❌ Down (Error) | None | N/A | 2025-03-26T09:39:58.046779 |
| wvvp.eu.org | ❌ Down (Error) | None | N/A | 2025-03-26T09:39:58.046875 |
| ipzo.eu.org | ❌ Down (Error) | None | N/A | 2025-03-26T09:39:58.046969 |
| linqing.eu.org | ❌ Down (Error) | None | N/A | 2025-03-26T09:39:58.047098 |
| stds.eu.org | ❌ Down (Error) | None | N/A | 2025-03-26T09:39:58.047276 |
| viko.eu.org | ❌ Down (Error) | None | N/A | 2025-03-26T09:39:58.047477 |
| vipk.eu.org | ❌ Down (Error) | None | N/A | 2025-03-26T09:39:58.047686 |
| xongan.eu.org | ❌ Down (Error) | None | N/A | 2025-03-26T09:39:58.047881 |
| zosx.eu.org | ❌ Down (Error) | None | N/A | 2025-03-26T09:39:58.048073 |
| zot.dedyn.io | ❌ Down (Error) | None | N/A | 2025-03-26T09:39:58.048258 |
| xeo.dedyn.io | ❌ Down (Error) | None | N/A | 2025-03-26T09:39:58.048430 |
| std.dedyn.io | ❌ Down (Error) | None | N/A | 2025-03-26T09:39:58.048566 |
| xio.edu.publicvm.com | ❌ Down (Error) | None | N/A | 2025-03-26T09:39:58.048672 |
| xio.jxsio.v6.army | ❌ Down (Error) | None | N/A | 2025-03-26T09:39:58.048772 |
| xioo.jxios.dynv6.net | ❌ Down (Error) | None | N/A | 2025-03-26T09:39:58.048869 |
| xioo.kaxoi.eu.org | ❌ Down (Error) | None | N/A | 2025-03-26T09:39:58.048970 |
| xioo.wwo.cloudns.nz | ❌ Down (Error) | None | N/A | 2025-03-26T09:39:58.049071 |
| xio.siv.cloudns.ph | ❌ Down (Error) | None | N/A | 2025-03-26T09:39:58.049168 |
| xio.std.cloudns.ch | ❌ Down (Error) | None | N/A | 2025-03-26T09:39:58.049264 |
| xio.vip.dns-dynamic.net | ❌ Down (Error) | None | N/A | 2025-03-26T09:39:58.049359 |
| xio.zon.byinter.net | ❌ Down (Error) | None | N/A | 2025-03-26T09:39:58.049578 |
| xio.zoot.myfw.us | ❌ Down (Error) | None | N/A | 2025-03-26T09:39:58.049771 |
| xio.gzos.link | ❌ Down (Error) | None | N/A | 2025-03-26T09:39:58.049938 |
| xioo.educ.line.pm | ❌ Down (Error) | None | N/A | 2025-03-26T09:39:58.050111 |
| xio.sac.cloudns.biz | ❌ Down (Error) | None | N/A | 2025-03-26T09:39:58.050279 |
| xio.std.cloudns.org | ❌ Down (Error) | None | N/A | 2025-03-26T09:39:58.050457 |
| xio.std.kesug.com | ❌ Down (Error) | None | N/A | 2025-03-26T09:39:58.050657 |
| xio.stu.loveslife.biz | ❌ Down (Error) | None | N/A | 2025-03-26T09:39:58.050828 |
| xio.wwv.cloudns.be | ❌ Down (Error) | None | N/A | 2025-03-26T09:39:58.051007 |
| xio.xeo.dedyn.io | ❌ Down (Error) | None | N/A | 2025-03-26T09:39:58.051184 |
| xio.xiaohhh.xyz | ❌ Down (Error) | None | N/A | 2025-03-26T09:39:58.051369 |
| xio.zoten.onflashdrive.app | ❌ Down (Error) | None | N/A | 2025-03-26T09:39:58.051577 |
| xio.gzos.rr.nu | ❌ Down (Error) | None | N/A | 2025-03-26T09:39:58.051746 |
| xio.lzhoo.v6.navy | ❌ Down (Error) | None | N/A | 2025-03-26T09:39:58.051912 |
| xio.std.000.pe | ❌ Down (Error) | None | N/A | 2025-03-26T09:39:58.052102 |
| xio.wwvio.dns.army | ❌ Down (Error) | None | N/A | 2025-03-26T09:39:58.052276 |
| xio.zon.lookin.at | ❌ Down (Error) | None | N/A | 2025-03-26T09:39:58.052464 |
| xio.zon.myredirect.us | ❌ Down (Error) | None | N/A | 2025-03-26T09:39:58.052680 |
| xio.zos.22web.org | ❌ Down (Error) | None | N/A | 2025-03-26T09:39:58.052851 |
| xio.zot.rf.gd | ❌ Down (Error) | None | N/A | 2025-03-26T09:39:58.053019 |
| xio.zoxte.v6.army | ❌ Down (Error) | None | N/A | 2025-03-26T09:39:58.053208 |
| xio.zoxte.v6.rocks | ❌ Down (Error) | None | N/A | 2025-03-26T09:39:58.053382 |
| xio.soho.lovedub.net | ❌ Down (Error) | None | N/A | 2025-03-26T09:39:58.053583 |
| xio.xn--ebbpo8a.xn--y9a3aq | ❌ Down (Error) | None | N/A | 2025-03-26T09:39:58.053765 |
| xio.zoxte.dns.navy | ❌ Down (Error) | None | N/A | 2025-03-26T09:39:58.053940 |
| soho.perslist.com | ❌ Down (Error) | None | N/A | 2025-03-26T09:39:58.054124 |
| wonder.dynx.me | ❌ Down (Error) | None | N/A | 2025-03-26T09:39:58.054301 |
| edu.42web.io | ❌ Down (Error) | None | N/A | 2025-03-26T09:39:58.054464 |
| std.great-site.net | ❌ Down (Error) | None | N/A | 2025-03-26T09:39:58.054649 |
| std.kesug.com | ❌ Down (Error) | None | N/A | 2025-03-26T09:39:58.054815 |
| zoon.wuaze.com | ❌ Down (Error) | None | N/A | 2025-03-26T09:39:58.054988 |
| chatz.lovestoblog.com | ❌ Down (Error) | None | N/A | 2025-03-26T09:39:58.055178 |
| zok.free.nf | ❌ Down (Error) | None | N/A | 2025-03-26T09:39:58.055373 |
| inwen.wuaze.com | ❌ Down (Error) | None | N/A | 2025-03-26T09:39:58.055564 |
| linwen.rf.gd | ❌ Down (Error) | None | N/A | 2025-03-26T09:39:58.055732 |
| edu.lovestoblog.com | ❌ Down (Error) | None | N/A | 2025-03-26T09:39:58.055891 |
| bre.cloudns.ch | ❌ Down (Error) | None | N/A | 2025-03-26T09:39:58.056055 |
| std.000.pe | ❌ Down (Error) | None | N/A | 2025-03-26T09:39:58.056237 |
| daiwen.infinityfreeapp.com | ❌ Down (Error) | None | N/A | 2025-03-26T09:39:58.056428 |
| educ.free.nf | ❌ Down (Error) | None | N/A | 2025-03-26T09:39:58.056622 |
| miao.dns-dynamic.net | ❌ Down (Error) | None | N/A | 2025-03-26T09:39:58.056789 |
| sch.cloudns.be | ❌ Down (Error) | None | N/A | 2025-03-26T09:39:58.056953 |
| si.cloudns.be | ❌ Down (Error) | None | N/A | 2025-03-26T09:39:58.057122 |
| skyo.dns-dynamic.net | ❌ Down (Error) | None | N/A | 2025-03-26T09:39:58.057301 |
| vp.cloudns.be | ❌ Down (Error) | None | N/A | 2025-03-26T09:39:58.057486 |
| zoot.unaux.com | ❌ Down (Error) | None | N/A | 2025-03-26T09:39:58.057691 |
| www.muppets.cloudns.ch | ❌ Down (Error) | None | N/A | 2025-03-26T09:39:58.057861 |
| clo.cloudns.be | ❌ Down (Error) | None | N/A | 2025-03-26T09:39:58.058024 |
| duf.cloudns.ch | ❌ Down (Error) | None | N/A | 2025-03-26T09:39:58.058209 |
| lzi.cloudns.ch | ❌ Down (Error) | None | N/A | 2025-03-26T09:39:58.058387 |
| muppets.cloudns.ch | ❌ Down (Error) | None | N/A | 2025-03-26T09:39:58.058581 |
| sen.cloudns.be | ❌ Down (Error) | None | N/A | 2025-03-26T09:39:58.058775 |
| uto.cloudns.ch | ❌ Down (Error) | None | N/A | 2025-03-26T09:39:58.058953 |
| vp.dns-dynamic.net | ❌ Down (Error) | None | N/A | 2025-03-26T09:39:58.059137 |
| edu.tkpk.cc | ❌ Down (Error) | None | N/A | 2025-03-26T09:39:58.059312 |
| edu.ezpz.work | ❌ Down (Error) | None | N/A | 2025-03-26T09:39:58.059496 |
| woshiwoyansebuya.cloudns.be | ❌ Down (Error) | None | N/A | 2025-03-26T09:39:58.059712 |
| shisi.dns-dynamic.net | ❌ Down (Error) | None | N/A | 2025-03-26T09:39:58.059896 |
| www.xiaomaomi.dns-dynamic.net | ❌ Down (Error) | None | N/A | 2025-03-26T09:39:58.060057 |
| www.yiluhuohuadaishadian.dns-dynamic.net | ❌ Down (Error) | None | N/A | 2025-03-26T09:39:58.060218 |
| www.liniang.cloudns.be | ❌ Down (Error) | None | N/A | 2025-03-26T09:39:58.060402 |
| cdy52.pages.dev | ❌ Down (Error) | None | N/A | 2025-03-26T09:39:58.060588 |
| xio.live-on.net | ❌ Down (Error) | None | N/A | 2025-03-26T09:39:58.060745 |
| xio.mydns.tw | ❌ Down (Error) | None | N/A | 2025-03-26T09:39:58.060913 |
| xio.keyword-on.net | ❌ Down (Error) | None | N/A | 2025-03-26T09:39:58.061089 |
| xio.wjg.jp | ❌ Down (Error) | None | N/A | 2025-03-26T09:39:58.061260 |
| woxy.xio.keyword-on.net | ❌ Down (Error) | None | N/A | 2025-03-26T09:39:58.061461 |
| stdu.nyc.mn | ❌ Down (Error) | None | N/A | 2025-03-26T09:39:58.061679 |
| mokin.nyc.mn | ❌ Down (Error) | None | N/A | 2025-03-26T09:39:58.061854 |
| jxio.nyc.mn | ❌ Down (Error) | None | N/A | 2025-03-26T09:39:58.062041 |
| veco.nyc.mn | ❌ Down (Error) | None | N/A | 2025-03-26T09:39:58.062228 |
| zoot.nyc.mn | ❌ Down (Error) | None | N/A | 2025-03-26T09:39:58.062416 |
| xisu.nyc.mn | ❌ Down (Error) | None | N/A | 2025-03-26T09:39:58.062632 |
| odbar.stdu.nyc.mn | ❌ Down (Error) | None | N/A | 2025-03-26T09:39:58.062864 |
| res.zoot.nyc.mn | ❌ Down (Error) | None | N/A | 2025-03-26T09:39:58.063047 |
| age.xisu.nyc.mn | ❌ Down (Error) | None | N/A | 2025-03-26T09:39:58.063236 |
| eolin.avisa.dedyn.io | ❌ Down (Error) | None | N/A | 2025-03-26T09:39:58.063411 |
| zoot.serv00.net | ❌ Down (Error) | None | N/A | 2025-03-26T09:39:58.063600 |
| gzols.serv00.net | ❌ Down (Error) | None | N/A | 2025-03-26T09:39:58.063760 |
| zko.xio.live-on.net | ❌ Down (Error) | None | N/A | 2025-03-26T09:39:58.063911 |
| zkc.xio.live-on.net | ❌ Down (Error) | None | N/A | 2025-03-26T09:39:58.064076 |
| voxy.xio.gleeze.com | ❌ Down (Error) | None | N/A | 2025-03-26T09:39:58.064232 |
| mo.stdu.3d.tc | ❌ Down (Error) | None | N/A | 2025-03-26T09:39:58.064387 |
| wxi.jxs.byinter.net | ❌ Down (Error) | None | N/A | 2025-03-26T09:39:58.064562 |
| xoy.zhozo.cloudns.ch | ❌ Down (Error) | None | N/A | 2025-03-26T09:39:58.064716 |
| wxio.edu.x24hr.com | ❌ Down (Error) | None | N/A | 2025-03-26T09:39:58.064875 |
| wxi-8k0.edu.x24hr.com | ❌ Down (Error) | None | N/A | 2025-03-26T09:39:58.065027 |
| wxi-yqc.edu.x24hr.com | ❌ Down (Error) | None | N/A | 2025-03-26T09:39:58.065200 |
| lon.lxuei.cloudns.be | ❌ Down (Error) | None | N/A | 2025-03-26T09:39:58.065364 |
| www.woloveyangqin.dns-dynamic.net | ❌ Down (Error) | None | N/A | 2025-03-26T09:39:58.065575 |
| www.vast.cloudns.ch | ❌ Down (Error) | None | N/A | 2025-03-26T09:39:58.065764 |
| www.visa.com.sg | ❌ Down (Error) | None | N/A | 2025-03-26T09:39:58.065941 |
| dxzk.jxsoc.cc.ua | ❌ Down (Error) | None | N/A | 2025-03-26T09:39:58.066100 |
| xfus.educ.cloudns.biz | ❌ Down (Error) | None | N/A | 2025-03-26T09:39:58.066267 |
| wxi-tns.edu.x24hr.com | ❌ Down (Error) | None | N/A | 2025-03-26T09:39:58.066426 |
| wxi-38a.edu.x24hr.com | ❌ Down (Error) | None | N/A | 2025-03-26T09:39:58.066617 |
| wxi-8fm.xio.longmusic.com | ❌ Down (Error) | None | N/A | 2025-03-26T09:39:58.066793 |
| xinxin-d4h.xio.longmusic.com | ❌ Down (Error) | None | N/A | 2025-03-26T09:39:58.066989 |
| www.cdue.cloudns.ch | ❌ Down (Error) | None | N/A | 2025-03-26T09:39:58.067173 |
| www.zto.cloudns.ch | ❌ Down (Error) | None | N/A | 2025-03-26T09:39:58.067375 |
| wxio.xio.zyns.com | ❌ Down (Error) | None | N/A | 2025-03-26T09:39:58.067575 |
| www.kaxin.cloudns.ch | ❌ Down (Error) | None | N/A | 2025-03-26T09:39:58.067743 |
| www.kenelm.cloudns.ch | ❌ Down (Error) | None | N/A | 2025-03-26T09:39:58.067927 |
| uedi.xio.zyns.com | ❌ Down (Error) | None | N/A | 2025-03-26T09:39:58.068111 |
| wxi.xio.zyns.com | ❌ Down (Error) | None | N/A | 2025-03-26T09:39:58.068305 |
| iufeu.xio.dynamic-dns.net | ❌ Down (Error) | None | N/A | 2025-03-26T09:39:58.068493 |
| www.bre.cloudns.ch | ❌ Down (Error) | None | N/A | 2025-03-26T09:39:58.068696 |
| iorfuy.xio.dynamic-dns.net | ❌ Down (Error) | None | N/A | 2025-03-26T09:39:58.068869 |
| www.diffireworks.cloudns.org | ❌ Down (Error) | None | N/A | 2025-03-26T09:39:58.069027 |
| gedu.xio.zzux.com | ❌ Down (Error) | None | N/A | 2025-03-26T09:39:58.069200 |
| owire.xio.zzux.com | ❌ Down (Error) | None | N/A | 2025-03-26T09:39:58.069367 |
| ie23.xio.zzux.com | ❌ Down (Error) | None | N/A | 2025-03-26T09:39:58.069540 |
| ewfhho.xio.zzux.com | ❌ Down (Error) | None | N/A | 2025-03-26T09:39:58.069696 |
| ofoi.xio.longmusic.com | ❌ Down (Error) | None | N/A | 2025-03-26T09:39:58.069848 |
| dbng.xio.longmusic.com | ❌ Down (Error) | None | N/A | 2025-03-26T09:39:58.070002 |
| iuwe.zote.rr.nu | ❌ Down (Error) | None | N/A | 2025-03-26T09:39:58.070164 |
| www.ven.cloudns.biz | ❌ Down (Error) | None | N/A | 2025-03-26T09:39:58.070335 |
| iuwe.stdue.dynv6.net | ❌ Down (Error) | None | N/A | 2025-03-26T09:39:58.070533 |
| xio.won.cc.ua | ❌ Down (Error) | None | N/A | 2025-03-26T09:39:58.070668 |
| cdy.jxs.dix.asia | ❌ Down (Error) | None | N/A | 2025-03-26T09:39:58.070833 |
| djgj.xio.mydns.tw | ❌ Down (Error) | None | N/A | 2025-03-26T09:39:58.071018 |
| ekq.xio.keyword-on.net | ❌ Down (Error) | None | N/A | 2025-03-26T09:39:58.071203 |
| i8xx.xio.wjg.jp | ❌ Down (Error) | None | N/A | 2025-03-26T09:39:58.071388 |
| rsboat.wox.us.kg | ❌ Down (Error) | None | N/A | 2025-03-26T09:39:58.071595 |
| gqhuo.jxios.dynv6.net | ❌ Down (Error) | None | N/A | 2025-03-26T09:39:58.071772 |
| kzze.lzhoo.v6.navy | ❌ Down (Error) | None | N/A | 2025-03-26T09:39:58.071939 |
| woxy.limkco.evai.pl | ❌ Down (Error) | None | N/A | 2025-03-26T09:39:58.072099 |
| pxyu.sohoo.v6.army | ❌ Down (Error) | None | N/A | 2025-03-26T09:39:58.072269 |
| zerd.sohoo.dns.navy | ❌ Down (Error) | None | N/A | 2025-03-26T09:39:58.072448 |
| zxi.sohoo.v6.navy | ❌ Down (Error) | None | N/A | 2025-03-26T09:39:58.072667 |
| kosti.xio.dynamic-dns.net | ❌ Down (Error) | None | N/A | 2025-03-26T09:39:58.072846 |
| mckd.edu.as19557.net | ❌ Down (Error) | None | N/A | 2025-03-26T09:39:58.073013 |
| mirt.edu.as19557.net | ❌ Down (Error) | None | N/A | 2025-03-26T09:39:58.073185 |
| mjsd.xio.itsaol.com | ❌ Down (Error) | None | N/A | 2025-03-26T09:39:58.073368 |
| nitay.edu.qpoe.com | ❌ Down (Error) | None | N/A | 2025-03-26T09:39:58.073579 |
| sctsz.zote.cloudns.org | ❌ Down (Error) | None | N/A | 2025-03-26T09:39:58.073770 |
| xjisd.educ.cloudns.biz | ❌ Down (Error) | None | N/A | 2025-03-26T09:39:58.073942 |
| wibl.zfo.dns-dynamic.net | ❌ Down (Error) | None | N/A | 2025-03-26T09:39:58.074106 |
| wzko.siv.cloudns.ph | ❌ Down (Error) | None | N/A | 2025-03-26T09:39:58.074273 |
| xswi.wwo.cloudns.nz | ❌ Down (Error) | None | N/A | 2025-03-26T09:39:58.074458 |
| zelm.vast.cloudns.ch | ❌ Down (Error) | None | N/A | 2025-03-26T09:39:58.074655 |
| kjus.xio.cloud-ip.biz | ❌ Down (Error) | None | N/A | 2025-03-26T09:39:58.074822 |
| gitxc.vip.ip-dynamic.org | ❌ Down (Error) | None | N/A | 2025-03-26T09:39:58.074995 |
| bayio.edu.dynx.me | ❌ Down (Error) | None | N/A | 2025-03-26T09:39:58.075186 |
| towa.xio.bolo.fyi | ❌ Down (Error) | None | N/A | 2025-03-26T09:39:58.075355 |
| suco.edu.ezpz.work | ❌ Down (Error) | None | N/A | 2025-03-26T09:39:58.075544 |
| wov.soho.lovedub.net | ❌ Down (Error) | None | N/A | 2025-03-26T09:39:58.075717 |
| zipn.soho.lbahq.com | ❌ Down (Error) | None | N/A | 2025-03-26T09:39:58.075838 |
| parp.xeo.dedyn.io | ❌ Down (Error) | None | N/A | 2025-03-26T09:39:58.075952 |
| agei.svip.app.tc | ❌ Down (Error) | None | N/A | 2025-03-26T09:39:58.076053 |
| baic.kuilut.tic.tc | ❌ Down (Error) | None | N/A | 2025-03-26T09:39:58.076153 |
| dziy.svip.blogu.tc | ❌ Down (Error) | None | N/A | 2025-03-26T09:39:58.076259 |
| flq.wwon.con.tc | ❌ Down (Error) | None | N/A | 2025-03-26T09:39:58.076357 |
| rowb.svip.san.tc | ❌ Down (Error) | None | N/A | 2025-03-26T09:39:58.076460 |
| itss.wxio.sitesi.tc | ❌ Down (Error) | None | N/A | 2025-03-26T09:39:58.076594 |
| sni=xn--rss272l.us.kg | ❌ Down (Error) | None | N/A | 2025-03-26T09:39:58.076697 |
| cxaz.sohoo.isgre.at | ❌ Down (Error) | None | N/A | 2025-03-26T09:39:58.076798 |
