# Website Status

Below is the latest status of monitored websites:

| URL | Status | Status Code | Response Time | Last Checked |
|-----|--------|-------------|---------------|--------------|
| https://pandora-vercel-one-nu.vercel.app | ✅ Up | 200 | 2457.35 ms | 2025-03-20T10:42:50.123665 |
| https://chat-beta-woad.vercel.app | ✅ Up | 200 | 2219.47 ms | 2025-03-20T10:42:52.343357 |
| https://chatgpt-ai-jet.vercel.app | ✅ Up | 200 | 291.32 ms | 2025-03-20T10:42:52.634899 |
| https://ai-assistant-five-theta.vercel.app | ✅ Up | 200 | 91.40 ms | 2025-03-20T10:42:52.726483 |
| http://zot.ydns.eu | ⚠️ Down (Status: 404) | 404 | 503.43 ms | 2025-03-20T10:42:53.230050 |
| http://poxy.ydns.eu | ✅ Up | 200 | 695.54 ms | 2025-03-20T10:42:53.925699 |
| http://long.ydns.eu | ✅ Up | 200 | 497.32 ms | 2025-03-20T10:42:54.423120 |
| http://drv.ydns.eu | ✅ Up | 200 | 694.86 ms | 2025-03-20T10:42:55.118089 |
| cdue.cloudns.ch | ❌ Down (Error) | None | N/A | 2025-03-20T10:42:55.118498 |
| educ.cloudns.biz | ❌ Down (Error) | None | N/A | 2025-03-20T10:42:55.118727 |
| tau.cloudns.biz | ❌ Down (Error) | None | N/A | 2025-03-20T10:42:55.118903 |
| svip.cloudns.org | ❌ Down (Error) | None | N/A | 2025-03-20T10:42:55.119067 |
| zote.cloudns.org | ❌ Down (Error) | None | N/A | 2025-03-20T10:42:55.119236 |
| ven.cloudns.biz | ❌ Down (Error) | None | N/A | 2025-03-20T10:42:55.119416 |
| zfo.cloudns.org | ❌ Down (Error) | None | N/A | 2025-03-20T10:42:55.119635 |
| zfo.dns-dynamic.net | ❌ Down (Error) | None | N/A | 2025-03-20T10:42:55.119801 |
| diffireworks.cloudns.org | ❌ Down (Error) | None | N/A | 2025-03-20T10:42:55.119959 |
| vip.dns-dynamic.net | ❌ Down (Error) | None | N/A | 2025-03-20T10:42:55.120119 |
| dsk.cloudns.biz | ❌ Down (Error) | None | N/A | 2025-03-20T10:42:55.120278 |
| fox.dns-dynamic.net | ❌ Down (Error) | None | N/A | 2025-03-20T10:42:55.120480 |
| xiolin.dns-dynamic.net | ❌ Down (Error) | None | N/A | 2025-03-20T10:42:55.120651 |
| sac.cloudns.biz | ❌ Down (Error) | None | N/A | 2025-03-20T10:42:55.120764 |
| kaixin.cloudns.ch | ❌ Down (Error) | None | N/A | 2025-03-20T10:42:55.120874 |
| wwv.cloudns.be | ❌ Down (Error) | None | N/A | 2025-03-20T10:42:55.120975 |
| mov.cloudns.org | ❌ Down (Error) | None | N/A | 2025-03-20T10:42:55.121074 |
| pan.cloudns.org | ❌ Down (Error) | None | N/A | 2025-03-20T10:42:55.121173 |
| siv.cloudns.ph | ❌ Down (Error) | None | N/A | 2025-03-20T10:42:55.121272 |
| wwo.cloudns.nz | ❌ Down (Error) | None | N/A | 2025-03-20T10:42:55.121370 |
| std.cloudns.org | ❌ Down (Error) | None | N/A | 2025-03-20T10:42:55.121497 |
| vercel.dns-dynamic.net | ❌ Down (Error) | None | N/A | 2025-03-20T10:42:55.121602 |
| virgo.cloudns.biz | ❌ Down (Error) | None | N/A | 2025-03-20T10:42:55.121709 |
| wwo.cloudns.ch | ❌ Down (Error) | None | N/A | 2025-03-20T10:42:55.121806 |
| vx.cloudns.ch | ❌ Down (Error) | None | N/A | 2025-03-20T10:42:55.121901 |
| kenelm.cloudns.ch | ❌ Down (Error) | None | N/A | 2025-03-20T10:42:55.121995 |
| beer.dns-dynamic.net | ❌ Down (Error) | None | N/A | 2025-03-20T10:42:55.122090 |
| vast.cloudns.ch | ❌ Down (Error) | None | N/A | 2025-03-20T10:42:55.122184 |
| vice.cloudns.be | ❌ Down (Error) | None | N/A | 2025-03-20T10:42:55.122277 |
| ipen.eu.org | ❌ Down (Error) | None | N/A | 2025-03-20T10:42:55.122371 |
| kaxoi.eu.org | ❌ Down (Error) | None | N/A | 2025-03-20T10:42:55.122498 |
| kcoco.eu.org | ❌ Down (Error) | None | N/A | 2025-03-20T10:42:55.122607 |
| linqin.eu.org | ❌ Down (Error) | None | N/A | 2025-03-20T10:42:55.122703 |
| ricpig.eu.org | ❌ Down (Error) | None | N/A | 2025-03-20T10:42:55.122799 |
| skvip.eu.org | ❌ Down (Error) | None | N/A | 2025-03-20T10:42:55.122898 |
| skyle.eu.org | ❌ Down (Error) | None | N/A | 2025-03-20T10:42:55.122991 |
| suke.eu.org | ❌ Down (Error) | None | N/A | 2025-03-20T10:42:55.123085 |
| vercl.eu.org | ❌ Down (Error) | None | N/A | 2025-03-20T10:42:55.123181 |
| vipn.eu.org | ❌ Down (Error) | None | N/A | 2025-03-20T10:42:55.123275 |
| wvvp.eu.org | ❌ Down (Error) | None | N/A | 2025-03-20T10:42:55.123368 |
| ipzo.eu.org | ❌ Down (Error) | None | N/A | 2025-03-20T10:42:55.123483 |
| linqing.eu.org | ❌ Down (Error) | None | N/A | 2025-03-20T10:42:55.123586 |
| stds.eu.org | ❌ Down (Error) | None | N/A | 2025-03-20T10:42:55.123682 |
| viko.eu.org | ❌ Down (Error) | None | N/A | 2025-03-20T10:42:55.123776 |
| vipk.eu.org | ❌ Down (Error) | None | N/A | 2025-03-20T10:42:55.123868 |
| xongan.eu.org | ❌ Down (Error) | None | N/A | 2025-03-20T10:42:55.123963 |
| zosx.eu.org | ❌ Down (Error) | None | N/A | 2025-03-20T10:42:55.124057 |
| zot.dedyn.io | ❌ Down (Error) | None | N/A | 2025-03-20T10:42:55.124152 |
| xeo.dedyn.io | ❌ Down (Error) | None | N/A | 2025-03-20T10:42:55.124247 |
| std.dedyn.io | ❌ Down (Error) | None | N/A | 2025-03-20T10:42:55.124344 |
| xio.edu.publicvm.com | ❌ Down (Error) | None | N/A | 2025-03-20T10:42:55.124454 |
| xio.jxsio.v6.army | ❌ Down (Error) | None | N/A | 2025-03-20T10:42:55.124556 |
| xioo.jxios.dynv6.net | ❌ Down (Error) | None | N/A | 2025-03-20T10:42:55.124650 |
| xioo.kaxoi.eu.org | ❌ Down (Error) | None | N/A | 2025-03-20T10:42:55.124750 |
| xioo.wwo.cloudns.nz | ❌ Down (Error) | None | N/A | 2025-03-20T10:42:55.124846 |
| xio.siv.cloudns.ph | ❌ Down (Error) | None | N/A | 2025-03-20T10:42:55.124940 |
| xio.std.cloudns.ch | ❌ Down (Error) | None | N/A | 2025-03-20T10:42:55.125032 |
| xio.vip.dns-dynamic.net | ❌ Down (Error) | None | N/A | 2025-03-20T10:42:55.125133 |
| xio.zon.byinter.net | ❌ Down (Error) | None | N/A | 2025-03-20T10:42:55.125227 |
| xio.zoot.myfw.us | ❌ Down (Error) | None | N/A | 2025-03-20T10:42:55.125388 |
| xio.gzos.link | ❌ Down (Error) | None | N/A | 2025-03-20T10:42:55.125564 |
| xioo.educ.line.pm | ❌ Down (Error) | None | N/A | 2025-03-20T10:42:55.125718 |
| xio.sac.cloudns.biz | ❌ Down (Error) | None | N/A | 2025-03-20T10:42:55.125868 |
| xio.std.cloudns.org | ❌ Down (Error) | None | N/A | 2025-03-20T10:42:55.126011 |
| xio.std.kesug.com | ❌ Down (Error) | None | N/A | 2025-03-20T10:42:55.126158 |
| xio.stu.loveslife.biz | ❌ Down (Error) | None | N/A | 2025-03-20T10:42:55.126311 |
| xio.wwv.cloudns.be | ❌ Down (Error) | None | N/A | 2025-03-20T10:42:55.126470 |
| xio.xeo.dedyn.io | ❌ Down (Error) | None | N/A | 2025-03-20T10:42:55.126620 |
| xio.xiaohhh.xyz | ❌ Down (Error) | None | N/A | 2025-03-20T10:42:55.126757 |
| xio.zoten.onflashdrive.app | ❌ Down (Error) | None | N/A | 2025-03-20T10:42:55.126896 |
| xio.gzos.rr.nu | ❌ Down (Error) | None | N/A | 2025-03-20T10:42:55.127033 |
| xio.lzhoo.v6.navy | ❌ Down (Error) | None | N/A | 2025-03-20T10:42:55.127172 |
| xio.std.000.pe | ❌ Down (Error) | None | N/A | 2025-03-20T10:42:55.127311 |
| xio.wwvio.dns.army | ❌ Down (Error) | None | N/A | 2025-03-20T10:42:55.127469 |
| xio.zon.lookin.at | ❌ Down (Error) | None | N/A | 2025-03-20T10:42:55.127616 |
| xio.zon.myredirect.us | ❌ Down (Error) | None | N/A | 2025-03-20T10:42:55.127754 |
| xio.zos.22web.org | ❌ Down (Error) | None | N/A | 2025-03-20T10:42:55.127897 |
| xio.zot.rf.gd | ❌ Down (Error) | None | N/A | 2025-03-20T10:42:55.128048 |
| xio.zoxte.v6.army | ❌ Down (Error) | None | N/A | 2025-03-20T10:42:55.128188 |
| xio.zoxte.v6.rocks | ❌ Down (Error) | None | N/A | 2025-03-20T10:42:55.128324 |
| xio.soho.lovedub.net | ❌ Down (Error) | None | N/A | 2025-03-20T10:42:55.128489 |
| xio.xn--ebbpo8a.xn--y9a3aq | ❌ Down (Error) | None | N/A | 2025-03-20T10:42:55.128635 |
| xio.zoxte.dns.navy | ❌ Down (Error) | None | N/A | 2025-03-20T10:42:55.128778 |
| soho.perslist.com | ❌ Down (Error) | None | N/A | 2025-03-20T10:42:55.128917 |
| wonder.dynx.me | ❌ Down (Error) | None | N/A | 2025-03-20T10:42:55.129053 |
| edu.42web.io | ❌ Down (Error) | None | N/A | 2025-03-20T10:42:55.129198 |
| std.great-site.net | ❌ Down (Error) | None | N/A | 2025-03-20T10:42:55.129334 |
| std.kesug.com | ❌ Down (Error) | None | N/A | 2025-03-20T10:42:55.129493 |
| zoon.wuaze.com | ❌ Down (Error) | None | N/A | 2025-03-20T10:42:55.129635 |
| chatz.lovestoblog.com | ❌ Down (Error) | None | N/A | 2025-03-20T10:42:55.129771 |
| zok.free.nf | ❌ Down (Error) | None | N/A | 2025-03-20T10:42:55.129918 |
| inwen.wuaze.com | ❌ Down (Error) | None | N/A | 2025-03-20T10:42:55.130055 |
| linwen.rf.gd | ❌ Down (Error) | None | N/A | 2025-03-20T10:42:55.130189 |
| edu.lovestoblog.com | ❌ Down (Error) | None | N/A | 2025-03-20T10:42:55.130327 |
| bre.cloudns.ch | ❌ Down (Error) | None | N/A | 2025-03-20T10:42:55.130484 |
| std.000.pe | ❌ Down (Error) | None | N/A | 2025-03-20T10:42:55.130627 |
| daiwen.infinityfreeapp.com | ❌ Down (Error) | None | N/A | 2025-03-20T10:42:55.130765 |
| educ.free.nf | ❌ Down (Error) | None | N/A | 2025-03-20T10:42:55.130902 |
| miao.dns-dynamic.net | ❌ Down (Error) | None | N/A | 2025-03-20T10:42:55.131035 |
| sch.cloudns.be | ❌ Down (Error) | None | N/A | 2025-03-20T10:42:55.131171 |
| si.cloudns.be | ❌ Down (Error) | None | N/A | 2025-03-20T10:42:55.131304 |
| skyo.dns-dynamic.net | ❌ Down (Error) | None | N/A | 2025-03-20T10:42:55.131457 |
| vp.cloudns.be | ❌ Down (Error) | None | N/A | 2025-03-20T10:42:55.131602 |
| zoot.unaux.com | ❌ Down (Error) | None | N/A | 2025-03-20T10:42:55.131737 |
| www.muppets.cloudns.ch | ❌ Down (Error) | None | N/A | 2025-03-20T10:42:55.131873 |
| clo.cloudns.be | ❌ Down (Error) | None | N/A | 2025-03-20T10:42:55.132011 |
| duf.cloudns.ch | ❌ Down (Error) | None | N/A | 2025-03-20T10:42:55.132147 |
| lzi.cloudns.ch | ❌ Down (Error) | None | N/A | 2025-03-20T10:42:55.132282 |
| muppets.cloudns.ch | ❌ Down (Error) | None | N/A | 2025-03-20T10:42:55.132428 |
| sen.cloudns.be | ❌ Down (Error) | None | N/A | 2025-03-20T10:42:55.132607 |
| uto.cloudns.ch | ❌ Down (Error) | None | N/A | 2025-03-20T10:42:55.132747 |
| vp.dns-dynamic.net | ❌ Down (Error) | None | N/A | 2025-03-20T10:42:55.132884 |
| edu.tkpk.cc | ❌ Down (Error) | None | N/A | 2025-03-20T10:42:55.133031 |
| edu.ezpz.work | ❌ Down (Error) | None | N/A | 2025-03-20T10:42:55.133173 |
| woshiwoyansebuya.cloudns.be | ❌ Down (Error) | None | N/A | 2025-03-20T10:42:55.133312 |
| shisi.dns-dynamic.net | ❌ Down (Error) | None | N/A | 2025-03-20T10:42:55.133477 |
| www.xiaomaomi.dns-dynamic.net | ❌ Down (Error) | None | N/A | 2025-03-20T10:42:55.133623 |
| www.yiluhuohuadaishadian.dns-dynamic.net | ❌ Down (Error) | None | N/A | 2025-03-20T10:42:55.133762 |
| www.liniang.cloudns.be | ❌ Down (Error) | None | N/A | 2025-03-20T10:42:55.133900 |
| cdy52.pages.dev | ❌ Down (Error) | None | N/A | 2025-03-20T10:42:55.134066 |
| xio.live-on.net | ❌ Down (Error) | None | N/A | 2025-03-20T10:42:55.134207 |
| xio.mydns.tw | ❌ Down (Error) | None | N/A | 2025-03-20T10:42:55.134345 |
| xio.keyword-on.net | ❌ Down (Error) | None | N/A | 2025-03-20T10:42:55.134504 |
| xio.wjg.jp | ❌ Down (Error) | None | N/A | 2025-03-20T10:42:55.134642 |
| woxy.xio.keyword-on.net | ❌ Down (Error) | None | N/A | 2025-03-20T10:42:55.134778 |
| stdu.nyc.mn | ❌ Down (Error) | None | N/A | 2025-03-20T10:42:55.134912 |
| mokin.nyc.mn | ❌ Down (Error) | None | N/A | 2025-03-20T10:42:55.135054 |
| jxio.nyc.mn | ❌ Down (Error) | None | N/A | 2025-03-20T10:42:55.135197 |
| veco.nyc.mn | ❌ Down (Error) | None | N/A | 2025-03-20T10:42:55.135333 |
| zoot.nyc.mn | ❌ Down (Error) | None | N/A | 2025-03-20T10:42:55.135488 |
| xisu.nyc.mn | ❌ Down (Error) | None | N/A | 2025-03-20T10:42:55.135627 |
| odbar.stdu.nyc.mn | ❌ Down (Error) | None | N/A | 2025-03-20T10:42:55.135769 |
| res.zoot.nyc.mn | ❌ Down (Error) | None | N/A | 2025-03-20T10:42:55.135906 |
| age.xisu.nyc.mn | ❌ Down (Error) | None | N/A | 2025-03-20T10:42:55.136045 |
| eolin.avisa.dedyn.io | ❌ Down (Error) | None | N/A | 2025-03-20T10:42:55.136184 |
| zoot.serv00.net | ❌ Down (Error) | None | N/A | 2025-03-20T10:42:55.136320 |
| gzols.serv00.net | ❌ Down (Error) | None | N/A | 2025-03-20T10:42:55.136476 |
| zko.xio.live-on.net | ❌ Down (Error) | None | N/A | 2025-03-20T10:42:55.136616 |
| zkc.xio.live-on.net | ❌ Down (Error) | None | N/A | 2025-03-20T10:42:55.136753 |
| voxy.xio.gleeze.com | ❌ Down (Error) | None | N/A | 2025-03-20T10:42:55.136896 |
| mo.stdu.3d.tc | ❌ Down (Error) | None | N/A | 2025-03-20T10:42:55.137035 |
| wxi.jxs.byinter.net | ❌ Down (Error) | None | N/A | 2025-03-20T10:42:55.137171 |
| xoy.zhozo.cloudns.ch | ❌ Down (Error) | None | N/A | 2025-03-20T10:42:55.137305 |
| wxio.edu.x24hr.com | ❌ Down (Error) | None | N/A | 2025-03-20T10:42:55.137464 |
| wxi-8k0.edu.x24hr.com | ❌ Down (Error) | None | N/A | 2025-03-20T10:42:55.137607 |
| wxi-yqc.edu.x24hr.com | ❌ Down (Error) | None | N/A | 2025-03-20T10:42:55.137743 |
| lon.lxuei.cloudns.be | ❌ Down (Error) | None | N/A | 2025-03-20T10:42:55.137879 |
| www.woloveyangqin.dns-dynamic.net | ❌ Down (Error) | None | N/A | 2025-03-20T10:42:55.138016 |
| www.vast.cloudns.ch | ❌ Down (Error) | None | N/A | 2025-03-20T10:42:55.138153 |
| www.visa.com.sg | ❌ Down (Error) | None | N/A | 2025-03-20T10:42:55.138287 |
| dxzk.jxsoc.cc.ua | ❌ Down (Error) | None | N/A | 2025-03-20T10:42:55.138424 |
| xfus.educ.cloudns.biz | ❌ Down (Error) | None | N/A | 2025-03-20T10:42:55.138596 |
| wxi-tns.edu.x24hr.com | ❌ Down (Error) | None | N/A | 2025-03-20T10:42:55.138737 |
| wxi-38a.edu.x24hr.com | ❌ Down (Error) | None | N/A | 2025-03-20T10:42:55.138873 |
| wxi-8fm.xio.longmusic.com | ❌ Down (Error) | None | N/A | 2025-03-20T10:42:55.139011 |
| xinxin-d4h.xio.longmusic.com | ❌ Down (Error) | None | N/A | 2025-03-20T10:42:55.139147 |
| www.cdue.cloudns.ch | ❌ Down (Error) | None | N/A | 2025-03-20T10:42:55.139281 |
| www.zto.cloudns.ch | ❌ Down (Error) | None | N/A | 2025-03-20T10:42:55.139415 |
| wxio.xio.zyns.com | ❌ Down (Error) | None | N/A | 2025-03-20T10:42:55.139588 |
| www.kaxin.cloudns.ch | ❌ Down (Error) | None | N/A | 2025-03-20T10:42:55.139726 |
| www.kenelm.cloudns.ch | ❌ Down (Error) | None | N/A | 2025-03-20T10:42:55.139868 |
| uedi.xio.zyns.com | ❌ Down (Error) | None | N/A | 2025-03-20T10:42:55.140003 |
| wxi.xio.zyns.com | ❌ Down (Error) | None | N/A | 2025-03-20T10:42:55.140137 |
| iufeu.xio.dynamic-dns.net | ❌ Down (Error) | None | N/A | 2025-03-20T10:42:55.140277 |
| www.bre.cloudns.ch | ❌ Down (Error) | None | N/A | 2025-03-20T10:42:55.140413 |
| iorfuy.xio.dynamic-dns.net | ❌ Down (Error) | None | N/A | 2025-03-20T10:42:55.140572 |
| www.diffireworks.cloudns.org | ❌ Down (Error) | None | N/A | 2025-03-20T10:42:55.140712 |
| gedu.xio.zzux.com | ❌ Down (Error) | None | N/A | 2025-03-20T10:42:55.140857 |
| owire.xio.zzux.com | ❌ Down (Error) | None | N/A | 2025-03-20T10:42:55.140994 |
| ie23.xio.zzux.com | ❌ Down (Error) | None | N/A | 2025-03-20T10:42:55.141130 |
| ewfhho.xio.zzux.com | ❌ Down (Error) | None | N/A | 2025-03-20T10:42:55.141264 |
| ofoi.xio.longmusic.com | ❌ Down (Error) | None | N/A | 2025-03-20T10:42:55.141408 |
| dbng.xio.longmusic.com | ❌ Down (Error) | None | N/A | 2025-03-20T10:42:55.141599 |
| iuwe.zote.rr.nu | ❌ Down (Error) | None | N/A | 2025-03-20T10:42:55.141752 |
| www.ven.cloudns.biz | ❌ Down (Error) | None | N/A | 2025-03-20T10:42:55.141896 |
| iuwe.stdue.dynv6.net | ❌ Down (Error) | None | N/A | 2025-03-20T10:42:55.142045 |
| xio.won.cc.ua | ❌ Down (Error) | None | N/A | 2025-03-20T10:42:55.142182 |
| cdy.jxs.dix.asia | ❌ Down (Error) | None | N/A | 2025-03-20T10:42:55.142319 |
| djgj.xio.mydns.tw | ❌ Down (Error) | None | N/A | 2025-03-20T10:42:55.142502 |
| ekq.xio.keyword-on.net | ❌ Down (Error) | None | N/A | 2025-03-20T10:42:55.142643 |
| i8xx.xio.wjg.jp | ❌ Down (Error) | None | N/A | 2025-03-20T10:42:55.142779 |
| rsboat.wox.us.kg | ❌ Down (Error) | None | N/A | 2025-03-20T10:42:55.142914 |
| gqhuo.jxios.dynv6.net | ❌ Down (Error) | None | N/A | 2025-03-20T10:42:55.143050 |
| kzze.lzhoo.v6.navy | ❌ Down (Error) | None | N/A | 2025-03-20T10:42:55.143186 |
| woxy.limkco.evai.pl | ❌ Down (Error) | None | N/A | 2025-03-20T10:42:55.143320 |
| pxyu.sohoo.v6.army | ❌ Down (Error) | None | N/A | 2025-03-20T10:42:55.143479 |
| zerd.sohoo.dns.navy | ❌ Down (Error) | None | N/A | 2025-03-20T10:42:55.143644 |
| zxi.sohoo.v6.navy | ❌ Down (Error) | None | N/A | 2025-03-20T10:42:55.143780 |
| kosti.xio.dynamic-dns.net | ❌ Down (Error) | None | N/A | 2025-03-20T10:42:55.143916 |
| mckd.edu.as19557.net | ❌ Down (Error) | None | N/A | 2025-03-20T10:42:55.144051 |
| mirt.edu.as19557.net | ❌ Down (Error) | None | N/A | 2025-03-20T10:42:55.144194 |
| mjsd.xio.itsaol.com | ❌ Down (Error) | None | N/A | 2025-03-20T10:42:55.144326 |
| nitay.edu.qpoe.com | ❌ Down (Error) | None | N/A | 2025-03-20T10:42:55.144481 |
| sctsz.zote.cloudns.org | ❌ Down (Error) | None | N/A | 2025-03-20T10:42:55.144623 |
| xjisd.educ.cloudns.biz | ❌ Down (Error) | None | N/A | 2025-03-20T10:42:55.144761 |
| wibl.zfo.dns-dynamic.net | ❌ Down (Error) | None | N/A | 2025-03-20T10:42:55.144897 |
| wzko.siv.cloudns.ph | ❌ Down (Error) | None | N/A | 2025-03-20T10:42:55.145031 |
| xswi.wwo.cloudns.nz | ❌ Down (Error) | None | N/A | 2025-03-20T10:42:55.145175 |
| zelm.vast.cloudns.ch | ❌ Down (Error) | None | N/A | 2025-03-20T10:42:55.145310 |
| kjus.xio.cloud-ip.biz | ❌ Down (Error) | None | N/A | 2025-03-20T10:42:55.145464 |
| gitxc.vip.ip-dynamic.org | ❌ Down (Error) | None | N/A | 2025-03-20T10:42:55.145611 |
| bayio.edu.dynx.me | ❌ Down (Error) | None | N/A | 2025-03-20T10:42:55.145754 |
| towa.xio.bolo.fyi | ❌ Down (Error) | None | N/A | 2025-03-20T10:42:55.145890 |
| suco.edu.ezpz.work | ❌ Down (Error) | None | N/A | 2025-03-20T10:42:55.146021 |
| wov.soho.lovedub.net | ❌ Down (Error) | None | N/A | 2025-03-20T10:42:55.146156 |
| zipn.soho.lbahq.com | ❌ Down (Error) | None | N/A | 2025-03-20T10:42:55.146290 |
| parp.xeo.dedyn.io | ❌ Down (Error) | None | N/A | 2025-03-20T10:42:55.146430 |
| agei.svip.app.tc | ❌ Down (Error) | None | N/A | 2025-03-20T10:42:55.146594 |
| baic.kuilut.tic.tc | ❌ Down (Error) | None | N/A | 2025-03-20T10:42:55.146731 |
| dziy.svip.blogu.tc | ❌ Down (Error) | None | N/A | 2025-03-20T10:42:55.146873 |
| flq.wwon.con.tc | ❌ Down (Error) | None | N/A | 2025-03-20T10:42:55.147008 |
| rowb.svip.san.tc | ❌ Down (Error) | None | N/A | 2025-03-20T10:42:55.147149 |
| itss.wxio.sitesi.tc | ❌ Down (Error) | None | N/A | 2025-03-20T10:42:55.147288 |
| sni=xn--rss272l.us.kg | ❌ Down (Error) | None | N/A | 2025-03-20T10:42:55.147425 |
| cxaz.sohoo.isgre.at | ❌ Down (Error) | None | N/A | 2025-03-20T10:42:55.147673 |
